player_name,role,venue,runs,bat_avg,bat_sr,wickets,econ,Predicted_Performance
Aaron,fast_bowler,"Maharashtra Cricket Association Stadium, Pune",0,0.0,0.0,0,8.0,Low
Aaron,fast_bowler,"Wankhede Stadium, Mumbai",0,0.0,0.0,2,11.2,Medium
Abbott,fast_bowler,"Brabourne Stadium, Mumbai",7,7.0,140.0,1,11.8,Medium
Abdul Basith,fast_bowler,"M.Chinnaswamy Stadium, Bengaluru",1,0.0,100.0,0,0.0,Low
Abdul Samad,finisher,"Arun Jaitley Stadium, Delhi",41,20.5,141.0,0,0.0,Low
Abdul Samad,finisher,"Bharat Ratna Shri Atal Bihari Vajpayee Ekana Cricket Stadium, Lucknow",80,16.0,151.0,0,18.0,Low
Abdul Samad,finisher,"Dr DY Patil Sports Academy, Mumbai",0,0.0,0.0,0,8.0,Low
Abdul Samad,finisher,"Eden Gardens, Kolkata",21,10.5,140.0,0,0.0,Low
Abdul Samad,finisher,"Himachal Pradesh Cricket Association Stadium, Dharamsala",45,45.0,188.0,0,0.0,High
Abdul Samad,finisher,"M.Chinnaswamy Stadium, Bengaluru",37,0.0,370.0,0,0.0,Low
Abdul Samad,finisher,"MA Chidambaram Stadium, Chennai",23,7.666666667,100.0,0,0.0,Low
Abdul Samad,finisher,"Maharaja Yadavindra Singh International Cricket Stadium, Mullanpur, Chandigarh",25,25.0,208.0,0,0.0,Medium
Abdul Samad,finisher,"Maharashtra Cricket Association Stadium, Pune",4,4.0,67.0,0,0.0,Low
Abdul Samad,finisher,"Narendra Modi Stadium, Ahmedabad",49,24.5,169.0,0,0.0,Low
Abdul Samad,finisher,"Rajiv Gandhi International Stadium, Hyderabad",142,47.33333333,130.0,0,0.0,High
Abdul Samad,finisher,"Sawai Mansingh Stadium, Jaipur",47,0.0,276.0,0,0.0,Low
Abdul Samad,finisher,"Wankhede Stadium, Mumbai",5,2.5,62.0,0,0.0,Low
Abhijeet Tomar,opener,"Dr DY Patil Sports Academy, Mumbai",4,4.0,50.0,0,0.0,Low
Abhinav Manohar,finisher,"Bharat Ratna Shri Atal Bihari Vajpayee Ekana Cricket Stadium, Lucknow",15,7.5,94.0,0,0.0,Low
Abhinav Manohar,finisher,"Dr DY Patil Sports Academy, Mumbai",80,26.66666667,151.0,0,0.0,Medium
Abhinav Manohar,finisher,"Dr. Y.S. Rajasekhara Reddy ACA-VDCA Cricket Stadium, Visakhapatnam",4,4.0,67.0,0,0.0,Low
Abhinav Manohar,finisher,"Maharashtra Cricket Association Stadium, Pune",13,6.5,93.0,0,0.0,Low
Abhinav Manohar,finisher,"Narendra Modi Stadium, Ahmedabad",117,23.4,131.0,0,0.0,Low
Abhinav Manohar,finisher,"Rajiv Gandhi International Stadium, Hyderabad",45,15.0,102.0,0,0.0,Low
Abhinav Manohar,finisher,"Sawai Mansingh Stadium, Jaipur",1,1.0,50.0,0,0.0,Low
Abhinav Manohar,finisher,"Wankhede Stadium, Mumbai",17,8.5,155.0,0,0.0,Low
Abhishek Sharma,opener,"Arun Jaitley Stadium, Delhi",145,48.33333333,227.0,1,10.4,High
Abhishek Sharma,opener,"Bharat Ratna Shri Atal Bihari Vajpayee Ekana Cricket Stadium, Lucknow",93,46.5,251.0,0,0.0,High
Abhishek Sharma,opener,"Brabourne Stadium, Mumbai",57,19.0,130.0,0,0.0,Low
Abhishek Sharma,opener,"Dr DY Patil Sports Academy, Mumbai",161,40.25,136.0,0,0.0,High
Abhishek Sharma,opener,"Dr. Y.S. Rajasekhara Reddy ACA-VDCA Cricket Stadium, Visakhapatnam",1,0.0,100.0,0,9.0,Low
Abhishek Sharma,opener,"Eden Gardens, Kolkata",66,22.0,157.0,0,0.0,Low
Abhishek Sharma,opener,"M.Chinnaswamy Stadium, Bengaluru",34,34.0,155.0,0,10.0,Medium
Abhishek Sharma,opener,"MA Chidambaram Stadium, Chennai",63,12.6,134.0,2,6.0,Medium
Abhishek Sharma,opener,"Maharaja Yadavindra Singh International Cricket Stadium, Mullanpur, Chandigarh",16,16.0,145.0,0,0.0,Low
Abhishek Sharma,opener,"Maharashtra Cricket Association Stadium, Pune",91,30.33333333,128.0,0,15.0,Low
Abhishek Sharma,opener,"Narendra Modi Stadium, Ahmedabad",110,27.5,157.0,0,13.0,Medium
Abhishek Sharma,opener,"Rajiv Gandhi International Stadium, Hyderabad",514,32.125,206.0,1,10.6,High
Abhishek Sharma,opener,"Sawai Mansingh Stadium, Jaipur",55,55.0,162.0,0,8.0,High
Abhishek Sharma,opener,"Wankhede Stadium, Mumbai",168,28.0,128.0,0,8.0,Medium
Abishek Porel,wicket_keeper,"Arun Jaitley Stadium, Delhi",366,33.27272727,162.0,0,0.0,High
Abishek Porel,wicket_keeper,"Barsapara Cricket Stadium, Guwahati",7,7.0,78.0,0,0.0,Low
Abishek Porel,wicket_keeper,"Bharat Ratna Shri Atal Bihari Vajpayee Ekana Cricket Stadium, Lucknow",51,51.0,142.0,0,0.0,High
Abishek Porel,wicket_keeper,"Dr. Y.S. Rajasekhara Reddy ACA-VDCA Cricket Stadium, Visakhapatnam",43,21.5,139.0,0,0.0,Low
Abishek Porel,wicket_keeper,"Eden Gardens, Kolkata",18,18.0,120.0,0,0.0,Low
Abishek Porel,wicket_keeper,"M.Chinnaswamy Stadium, Bengaluru",14,4.666666667,78.0,0,0.0,Low
Abishek Porel,wicket_keeper,"MA Chidambaram Stadium, Chennai",33,33.0,165.0,0,0.0,Medium
Abishek Porel,wicket_keeper,"Maharaja Yadavindra Singh International Cricket Stadium, Mullanpur, Chandigarh",32,0.0,320.0,0,0.0,Low
Abishek Porel,wicket_keeper,"Narendra Modi Stadium, Ahmedabad",33,16.5,206.0,0,0.0,Low
Abishek Porel,wicket_keeper,"Rajiv Gandhi International Stadium, Hyderabad",8,8.0,80.0,0,0.0,Low
Abishek Porel,wicket_keeper,"Sawai Mansingh Stadium, Jaipur",9,9.0,90.0,0,0.0,Low
Abishek Porel,wicket_keeper,"Wankhede Stadium, Mumbai",47,23.5,118.0,0,0.0,Low
Adil Rashid,spinner,"Bharat Ratna Shri Atal Bihari Vajpayee Ekana Cricket Stadium, Lucknow",4,4.0,133.0,2,7.7,Medium
Adil Rashid,spinner,"Rajiv Gandhi International Stadium, Hyderabad",18,18.0,138.0,0,8.2,Low
Akash Deep,fast_bowler,"Bharat Ratna Shri Atal Bihari Vajpayee Ekana Cricket Stadium, Lucknow",6,6.0,300.0,1,11.5,Medium
Akash Deep,fast_bowler,"Dr DY Patil Sports Academy, Mumbai",0,0.0,0.0,4,13.1,High
Akash Deep,fast_bowler,"Eden Gardens, Kolkata",17,17.0,212.0,2,14.8,Medium
Akash Deep,fast_bowler,"M.Chinnaswamy Stadium, Bengaluru",0,0.0,0.0,1,9.7,Medium
Akash Deep,fast_bowler,"Maharashtra Cricket Association Stadium, Pune",0,0.0,0.0,1,5.0,Medium
Akash Deep,fast_bowler,"Narendra Modi Stadium, Ahmedabad",0,0.0,0.0,0,12.2,Low
Akash Deep,fast_bowler,"Wankhede Stadium, Mumbai",2,0.0,100.0,1,13.2,Medium
Akash Madhwal,fast_bowler,"Arun Jaitley Stadium, Delhi",0,0.0,0.0,3,7.5,High
Akash Madhwal,fast_bowler,"Bharat Ratna Shri Atal Bihari Vajpayee Ekana Cricket Stadium, Lucknow",0,0.0,0.0,0,7.8,Low
Akash Madhwal,fast_bowler,"Eden Gardens, Kolkata",0,0.0,0.0,0,16.0,Low
Akash Madhwal,fast_bowler,"MA Chidambaram Stadium, Chennai",0,0.0,0.0,1,4.0,Medium
Akash Madhwal,fast_bowler,"Maharaja Yadavindra Singh International Cricket Stadium, Mullanpur, Chandigarh",0,0.0,0.0,1,15.2,Medium
Akash Madhwal,fast_bowler,"Narendra Modi Stadium, Ahmedabad",0,0.0,0.0,1,13.0,Medium
Akash Madhwal,fast_bowler,"Punjab Cricket Association IS Bindra Stadium, Mohali",0,0.0,0.0,0,12.3,Low
Akash Madhwal,fast_bowler,"Sawai Mansingh Stadium, Jaipur",4,0.0,44.0,1,10.9,Medium
Akash Madhwal,fast_bowler,"Wankhede Stadium, Mumbai",4,0.0,80.0,11,10.1,High
Akash Maharaj Singh,fast_bowler,"Bharat Ratna Shri Atal Bihari Vajpayee Ekana Cricket Stadium, Lucknow",0,0.0,0.0,1,10.0,Medium
Akash Maharaj Singh,fast_bowler,"Himachal Pradesh Cricket Association Stadium, Dharamsala",0,0.0,0.0,2,7.5,Medium
Akash Maharaj Singh,fast_bowler,"Narendra Modi Stadium, Ahmedabad",0,0.0,0.0,1,9.2,Medium
Akash Singh,fast_bowler,"Eden Gardens, Kolkata",0,0.0,0.0,1,7.2,Medium
Akash Singh,fast_bowler,"M.Chinnaswamy Stadium, Bengaluru",0,0.0,0.0,1,11.7,Medium
Akash Singh,fast_bowler,"MA Chidambaram Stadium, Chennai",0,0.0,0.0,3,9.2,High
Akash Singh,fast_bowler,"Sawai Mansingh Stadium, Jaipur",0,0.0,0.0,0,16.0,Low
Akeal Hosein,spinner,"Arun Jaitley Stadium, Delhi",16,0.0,160.0,1,10.2,Medium
Alzarri Joseph,fast_bowler,"Arun Jaitley Stadium, Delhi",0,0.0,0.0,2,7.2,Medium
Alzarri Joseph,fast_bowler,"Brabourne Stadium, Mumbai",0,0.0,0.0,2,10.6,Medium
Alzarri Joseph,fast_bowler,"Dr DY Patil Sports Academy, Mumbai",5,0.0,83.0,1,8.3,Medium
Alzarri Joseph,fast_bowler,"Eden Gardens, Kolkata",0,0.0,0.0,0,13.5,Low
Alzarri Joseph,fast_bowler,"M.Chinnaswamy Stadium, Bengaluru",0,0.0,0.0,1,12.8,Medium
Alzarri Joseph,fast_bowler,"MA Chidambaram Stadium, Chennai",0,0.0,0.0,0,12.5,Low
Alzarri Joseph,fast_bowler,"Maharashtra Cricket Association Stadium, Pune",0,0.0,0.0,2,8.0,Medium
Alzarri Joseph,fast_bowler,"Narendra Modi Stadium, Ahmedabad",0,0.0,0.0,4,9.4,High
Alzarri Joseph,fast_bowler,"Punjab Cricket Association IS Bindra Stadium, Mohali",0,0.0,0.0,1,8.0,Medium
Alzarri Joseph,fast_bowler,"Wankhede Stadium, Mumbai",7,0.0,58.0,2,9.4,Medium
Aman Hakim Khan,middle_order,"Arun Jaitley Stadium, Delhi",31,7.75,84.0,0,0.0,Low
Aman Hakim Khan,middle_order,"Bharat Ratna Shri Atal Bihari Vajpayee Ekana Cricket Stadium, Lucknow",4,4.0,80.0,0,0.0,Low
Aman Hakim Khan,middle_order,"Brabourne Stadium, Mumbai",5,5.0,167.0,0,13.0,Low
Aman Hakim Khan,middle_order,"M.Chinnaswamy Stadium, Bengaluru",18,18.0,180.0,0,0.0,Low
Aman Hakim Khan,middle_order,"MA Chidambaram Stadium, Chennai",2,0.0,67.0,0,0.0,Low
Aman Hakim Khan,middle_order,"Narendra Modi Stadium, Ahmedabad",51,51.0,116.0,0,0.0,High
Aman Hakim Khan,middle_order,"Rajiv Gandhi International Stadium, Hyderabad",4,4.0,200.0,0,0.0,Low
Angkrish Raghuvanshi,middle_order,"Arun Jaitley Stadium, Delhi",58,29.0,116.0,0,0.0,Medium
Angkrish Raghuvanshi,middle_order,"Barsapara Cricket Stadium, Guwahati",22,0.0,129.0,0,0.0,Low
Angkrish Raghuvanshi,middle_order,"Bharat Ratna Shri Atal Bihari Vajpayee Ekana Cricket Stadium, Lucknow",32,32.0,123.0,0,0.0,Medium
Angkrish Raghuvanshi,middle_order,"Dr. Y.S. Rajasekhara Reddy ACA-VDCA Cricket Stadium, Visakhapatnam",54,54.0,200.0,0,0.0,High
Angkrish Raghuvanshi,middle_order,"Eden Gardens, Kolkata",197,24.625,149.0,0,0.0,Low
Angkrish Raghuvanshi,middle_order,"MA Chidambaram Stadium, Chennai",24,24.0,133.0,0,0.0,Low
Angkrish Raghuvanshi,middle_order,"Maharaja Yadavindra Singh International Cricket Stadium, Mullanpur, Chandigarh",37,37.0,132.0,0,0.0,Medium
Angkrish Raghuvanshi,middle_order,"Wankhede Stadium, Mumbai",39,19.5,177.0,0,0.0,Low
Aniket Verma,finisher,"Arun Jaitley Stadium, Delhi",12,0.0,200.0,0,0.0,Low
Aniket Verma,finisher,"Bharat Ratna Shri Atal Bihari Vajpayee Ekana Cricket Stadium, Lucknow",31,31.0,282.0,0,0.0,Medium
Aniket Verma,finisher,"Dr. Y.S. Rajasekhara Reddy ACA-VDCA Cricket Stadium, Visakhapatnam",74,74.0,180.0,0,0.0,High
Aniket Verma,finisher,"Eden Gardens, Kolkata",6,6.0,100.0,0,0.0,Low
Aniket Verma,finisher,"MA Chidambaram Stadium, Chennai",19,19.0,100.0,0,0.0,Low
Aniket Verma,finisher,"Narendra Modi Stadium, Ahmedabad",3,3.0,43.0,0,0.0,Low
Aniket Verma,finisher,"Rajiv Gandhi International Stadium, Hyderabad",73,18.25,166.0,0,0.0,Low
Aniket Verma,finisher,"Wankhede Stadium, Mumbai",18,0.0,225.0,0,0.0,Low
Anmolpreet Singh,opener,"Bharat Ratna Shri Atal Bihari Vajpayee Ekana Cricket Stadium, Lucknow",31,31.0,119.0,0,0.0,Medium
Anmolpreet Singh,opener,"Brabourne Stadium, Mumbai",8,8.0,89.0,0,0.0,Low
Anmolpreet Singh,opener,"Dr DY Patil Sports Academy, Mumbai",5,5.0,125.0,0,0.0,Low
Anmolpreet Singh,opener,"MA Chidambaram Stadium, Chennai",0,0.0,0.0,0,0.0,Low
Anmolpreet Singh,opener,"Narendra Modi Stadium, Ahmedabad",5,5.0,125.0,0,0.0,Low
Anmolpreet Singh,opener,"Rajiv Gandhi International Stadium, Hyderabad",41,20.5,128.0,0,0.0,Low
Anmolpreet Singh,opener,"Sawai Mansingh Stadium, Jaipur",33,33.0,132.0,0,0.0,Medium
Anshul Kamboj,fast_bowler,"Arun Jaitley Stadium, Delhi",5,0.0,167.0,1,7.0,Medium
Anshul Kamboj,fast_bowler,"Bharat Ratna Shri Atal Bihari Vajpayee Ekana Cricket Stadium, Lucknow",0,0.0,0.0,1,6.7,Medium
Anshul Kamboj,fast_bowler,"Eden Gardens, Kolkata",6,0.0,200.0,2,10.3,Medium
Anshul Kamboj,fast_bowler,"M.Chinnaswamy Stadium, Bengaluru",0,0.0,0.0,0,8.3,Low
Anshul Kamboj,fast_bowler,"MA Chidambaram Stadium, Chennai",5,2.5,62.0,2,8.0,Medium
Anshul Kamboj,fast_bowler,"Narendra Modi Stadium, Ahmedabad",0,0.0,0.0,3,5.2,High
Anshul Kamboj,fast_bowler,"Wankhede Stadium, Mumbai",0,0.0,0.0,1,12.7,Medium
Anuj Rawat,wicket_keeper,"Arun Jaitley Stadium, Delhi",8,0.0,267.0,0,0.0,Low
Anuj Rawat,wicket_keeper,"Bharat Ratna Shri Atal Bihari Vajpayee Ekana Cricket Stadium, Lucknow",9,9.0,82.0,0,0.0,Low
Anuj Rawat,wicket_keeper,"Brabourne Stadium, Mumbai",0,0.0,0.0,0,0.0,Low
Anuj Rawat,wicket_keeper,"Dr DY Patil Sports Academy, Mumbai",37,9.25,86.0,0,0.0,Low
Anuj Rawat,wicket_keeper,"Eden Gardens, Kolkata",1,1.0,20.0,0,0.0,Low
Anuj Rawat,wicket_keeper,"M.Chinnaswamy Stadium, Bengaluru",88,29.33333333,99.0,0,0.0,Medium
Anuj Rawat,wicket_keeper,"MA Chidambaram Stadium, Chennai",48,0.0,192.0,0,0.0,Low
Anuj Rawat,wicket_keeper,"Maharashtra Cricket Association Stadium, Pune",66,0.0,140.0,0,0.0,Low
Anuj Rawat,wicket_keeper,"Sawai Mansingh Stadium, Jaipur",29,0.0,264.0,0,0.0,Low
Anuj Rawat,wicket_keeper,"Wankhede Stadium, Mumbai",32,10.66666667,107.0,0,0.0,Low
Anukul Roy,spinner,"Arun Jaitley Stadium, Delhi",0,0.0,0.0,3,5.8,High
Anukul Roy,spinner,"Eden Gardens, Kolkata",6,0.0,100.0,0,18.7,Low
Anukul Roy,spinner,"M.Chinnaswamy Stadium, Bengaluru",0,0.0,0.0,0,3.0,Low
Anukul Roy,spinner,"MA Chidambaram Stadium, Chennai",3,0.0,100.0,0,10.8,Low
Anukul Roy,spinner,"Maharashtra Cricket Association Stadium, Pune",0,0.0,0.0,0,9.0,Low
Anukul Roy,spinner,"Punjab Cricket Association IS Bindra Stadium, Mohali",4,4.0,80.0,0,0.0,Low
Anukul Roy,spinner,"Rajiv Gandhi International Stadium, Hyderabad",13,0.0,186.0,1,8.7,Medium
Anukul Roy,spinner,"Wankhede Stadium, Mumbai",0,0.0,0.0,1,7.0,Medium
Arjun Tendulkar,fast_bowler,"Narendra Modi Stadium, Ahmedabad",13,13.0,144.0,1,4.5,Medium
Arjun Tendulkar,fast_bowler,"Rajiv Gandhi International Stadium, Hyderabad",0,0.0,0.0,1,7.1,Medium
Arjun Tendulkar,fast_bowler,"Wankhede Stadium, Mumbai",0,0.0,0.0,1,12.0,Medium
Arshad Khan,fast_bowler,"Arun Jaitley Stadium, Delhi",58,0.0,176.0,2,10.5,Medium
Arshad Khan,fast_bowler,"Bharat Ratna Shri Atal Bihari Vajpayee Ekana Cricket Stadium, Lucknow",20,0.0,125.0,0,8.7,Low
Arshad Khan,fast_bowler,"Eden Gardens, Kolkata",5,5.0,125.0,0,12.5,Low
Arshad Khan,fast_bowler,"M.Chinnaswamy Stadium, Bengaluru",15,0.0,167.0,2,10.8,Medium
Arshad Khan,fast_bowler,"MA Chidambaram Stadium, Chennai",1,1.0,50.0,0,16.8,Low
Arshad Khan,fast_bowler,"Narendra Modi Stadium, Ahmedabad",22,11.0,122.0,3,13.7,High
Arshad Khan,fast_bowler,"Punjab Cricket Association IS Bindra Stadium, Mohali",0,0.0,0.0,1,12.0,Medium
Arshad Khan,fast_bowler,"Wankhede Stadium, Mumbai",3,1.5,50.0,4,10.3,High
Arshdeep Singh,fast_bowler,"Arun Jaitley Stadium, Delhi",0,0.0,0.0,0,8.0,Low
Arshdeep Singh,fast_bowler,"Barsapara Cricket Stadium, Guwahati",0,0.0,0.0,3,9.9,High
Arshdeep Singh,fast_bowler,"Bharat Ratna Shri Atal Bihari Vajpayee Ekana Cricket Stadium, Lucknow",0,0.0,0.0,6,9.6,High
Arshdeep Singh,fast_bowler,"Brabourne Stadium, Mumbai",19,19.0,86.0,2,8.1,Medium
Arshdeep Singh,fast_bowler,"Dr DY Patil Sports Academy, Mumbai",2,2.0,50.0,5,9.1,High
Arshdeep Singh,fast_bowler,"Eden Gardens, Kolkata",0,0.0,0.0,2,10.2,Medium
Arshdeep Singh,fast_bowler,"Himachal Pradesh Cricket Association Stadium, Dharamsala",4,4.0,133.0,7,9.4,High
Arshdeep Singh,fast_bowler,"M.Chinnaswamy Stadium, Bengaluru",0,0.0,0.0,2,10.3,Medium
Arshdeep Singh,fast_bowler,"MA Chidambaram Stadium, Chennai",0,0.0,0.0,4,10.1,High
Arshdeep Singh,fast_bowler,"Maharaja Yadavindra Singh International Cricket Stadium, Mullanpur, Chandigarh",2,2.0,33.0,11,8.9,High
Arshdeep Singh,fast_bowler,"Maharashtra Cricket Association Stadium, Pune",0,0.0,0.0,0,7.0,Low
Arshdeep Singh,fast_bowler,"Narendra Modi Stadium, Ahmedabad",0,0.0,0.0,5,9.8,High
Arshdeep Singh,fast_bowler,"Punjab Cricket Association IS Bindra Stadium, Mohali",2,0.0,100.0,7,11.0,High
Arshdeep Singh,fast_bowler,"Rajiv Gandhi International Stadium, Hyderabad",0,0.0,0.0,4,8.7,High
Arshdeep Singh,fast_bowler,"Sawai Mansingh Stadium, Jaipur",0,0.0,0.0,2,10.2,Medium
Arshdeep Singh,fast_bowler,"Wankhede Stadium, Mumbai",0,0.0,0.0,7,7.4,High
Arshin Kulkarni,fast_bowler,"Bharat Ratna Shri Atal Bihari Vajpayee Ekana Cricket Stadium, Lucknow",9,4.5,112.0,0,0.0,Low
Ashutosh Sharma,finisher,"Arun Jaitley Stadium, Delhi",41,13.66666667,121.0,0,0.0,Low
Ashutosh Sharma,finisher,"Barsapara Cricket Stadium, Guwahati",17,0.0,155.0,0,0.0,Low
Ashutosh Sharma,finisher,"Dr. Y.S. Rajasekhara Reddy ACA-VDCA Cricket Stadium, Visakhapatnam",66,0.0,213.0,0,0.0,Low
Ashutosh Sharma,finisher,"Himachal Pradesh Cricket Association Stadium, Dharamsala",11,5.5,73.0,0,0.0,Low
Ashutosh Sharma,finisher,"MA Chidambaram Stadium, Chennai",1,1.0,100.0,0,0.0,Low
Ashutosh Sharma,finisher,"Maharaja Yadavindra Singh International Cricket Stadium, Mullanpur, Chandigarh",128,42.66666667,191.0,0,0.0,High
Ashutosh Sharma,finisher,"Narendra Modi Stadium, Ahmedabad",68,34.0,189.0,0,0.0,Medium
Ashutosh Sharma,finisher,"Rajiv Gandhi International Stadium, Hyderabad",43,21.5,148.0,0,0.0,Low
Ashutosh Sharma,finisher,"Wankhede Stadium, Mumbai",18,18.0,112.0,0,0.0,Low
Ashwani Kumar,fast_bowler,"Bharat Ratna Shri Atal Bihari Vajpayee Ekana Cricket Stadium, Lucknow",0,0.0,0.0,1,13.0,Medium
Ashwani Kumar,fast_bowler,"Maharaja Yadavindra Singh International Cricket Stadium, Mullanpur, Chandigarh",0,0.0,0.0,1,8.3,Medium
Ashwani Kumar,fast_bowler,"Narendra Modi Stadium, Ahmedabad",0,0.0,0.0,2,13.8,Medium
Ashwani Kumar,fast_bowler,"Sawai Mansingh Stadium, Jaipur",0,0.0,0.0,0,16.0,Low
Ashwani Kumar,fast_bowler,"Wankhede Stadium, Mumbai",0,0.0,0.0,7,10.6,High
Ashwin,spinner,"Arun Jaitley Stadium, Delhi",15,7.5,136.0,5,8.1,High
Ashwin,spinner,"Barsapara Cricket Stadium, Guwahati",28,14.0,122.0,4,7.9,High
Ashwin,spinner,"Bharat Ratna Shri Atal Bihari Vajpayee Ekana Cricket Stadium, Lucknow",0,0.0,0.0,1,10.0,Medium
Ashwin,spinner,"Brabourne Stadium, Mumbai",52,0.0,162.0,3,7.5,High
Ashwin,spinner,"Dr DY Patil Sports Academy, Mumbai",80,20.0,143.0,2,7.3,Medium
Ashwin,spinner,"Eden Gardens, Kolkata",18,9.0,95.0,0,9.4,Low
Ashwin,spinner,"M.Chinnaswamy Stadium, Bengaluru",12,12.0,200.0,1,9.2,Medium
Ashwin,spinner,"MA Chidambaram Stadium, Chennai",43,10.75,105.0,6,8.7,High
Ashwin,spinner,"Maharaja Yadavindra Singh International Cricket Stadium, Mullanpur, Chandigarh",0,0.0,0.0,2,12.0,Medium
Ashwin,spinner,"Maharashtra Cricket Association Stadium, Pune",17,17.0,189.0,3,4.8,High
Ashwin,spinner,"Narendra Modi Stadium, Ahmedabad",16,8.0,133.0,3,8.0,High
Ashwin,spinner,"Rajiv Gandhi International Stadium, Hyderabad",3,0.0,75.0,1,7.9,Medium
Ashwin,spinner,"Sawai Mansingh Stadium, Jaipur",35,17.5,125.0,6,8.3,High
Ashwin,spinner,"Wankhede Stadium, Mumbai",58,29.0,118.0,5,7.4,High
Atharva Taide,opener,"Bharat Ratna Shri Atal Bihari Vajpayee Ekana Cricket Stadium, Lucknow",13,6.5,108.0,0,0.0,Low
Atharva Taide,opener,"Himachal Pradesh Cricket Association Stadium, Dharamsala",19,19.0,158.0,0,0.0,Low
Atharva Taide,opener,"MA Chidambaram Stadium, Chennai",13,13.0,76.0,0,0.0,Low
Atharva Taide,opener,"Maharaja Yadavindra Singh International Cricket Stadium, Mullanpur, Chandigarh",15,15.0,125.0,0,0.0,Low
Atharva Taide,opener,"Punjab Cricket Association IS Bindra Stadium, Mohali",70,35.0,184.0,0,0.0,Medium
Atharva Taide,opener,"Rajiv Gandhi International Stadium, Hyderabad",46,46.0,170.0,0,24.0,High
Atharva Taide,opener,"Wankhede Stadium, Mumbai",29,29.0,171.0,0,0.0,Medium
Avesh Khan,fast_bowler,"Arun Jaitley Stadium, Delhi",7,0.0,233.0,0,21.0,Low
Avesh Khan,fast_bowler,"Barsapara Cricket Stadium, Guwahati",3,0.0,150.0,2,7.3,Medium
Avesh Khan,fast_bowler,"Bharat Ratna Shri Atal Bihari Vajpayee Ekana Cricket Stadium, Lucknow",2,0.0,200.0,7,8.7,High
Avesh Khan,fast_bowler,"Brabourne Stadium, Mumbai",1,0.0,50.0,6,8.5,High
Avesh Khan,fast_bowler,"Dr DY Patil Sports Academy, Mumbai",0,0.0,0.0,4,9.9,High
Avesh Khan,fast_bowler,"Eden Gardens, Kolkata",0,0.0,0.0,4,10.7,High
Avesh Khan,fast_bowler,"Himachal Pradesh Cricket Association Stadium, Dharamsala",19,0.0,190.0,0,14.2,Low
Avesh Khan,fast_bowler,"M.Chinnaswamy Stadium, Bengaluru",0,0.0,0.0,0,13.8,Low
Avesh Khan,fast_bowler,"MA Chidambaram Stadium, Chennai",0,0.0,0.0,4,8.7,High
Avesh Khan,fast_bowler,"Maharaja Yadavindra Singh International Cricket Stadium, Mullanpur, Chandigarh",0,0.0,0.0,2,8.8,Medium
Avesh Khan,fast_bowler,"Maharashtra Cricket Association Stadium, Pune",14,14.0,156.0,5,7.2,High
Avesh Khan,fast_bowler,"Narendra Modi Stadium, Ahmedabad",0,0.0,0.0,6,11.0,High
Avesh Khan,fast_bowler,"Punjab Cricket Association IS Bindra Stadium, Mohali",0,0.0,0.0,0,14.0,Low
Avesh Khan,fast_bowler,"Rajiv Gandhi International Stadium, Hyderabad",0,0.0,0.0,4,11.3,High
Avesh Khan,fast_bowler,"Sawai Mansingh Stadium, Jaipur",0,0.0,0.0,9,9.4,High
Avesh Khan,fast_bowler,"Wankhede Stadium, Mumbai",7,7.0,233.0,6,8.8,High
Axar,spinner,"Arun Jaitley Stadium, Delhi",400,33.33333333,163.0,13,7.9,High
Axar,spinner,"Barsapara Cricket Stadium, Guwahati",2,2.0,33.0,0,9.5,Low
Axar,spinner,"Bharat Ratna Shri Atal Bihari Vajpayee Ekana Cricket Stadium, Lucknow",50,50.0,161.0,1,7.8,High
Axar,spinner,"Brabourne Stadium, Mumbai",60,0.0,194.0,2,7.6,Medium
Axar,spinner,"Dr DY Patil Sports Academy, Mumbai",18,18.0,78.0,2,6.6,Medium
Axar,spinner,"Dr. Y.S. Rajasekhara Reddy ACA-VDCA Cricket Stadium, Visakhapatnam",29,14.5,145.0,1,9.1,Medium
Axar,spinner,"Eden Gardens, Kolkata",15,15.0,71.0,2,6.2,Medium
Axar,spinner,"Himachal Pradesh Cricket Association Stadium, Dharamsala",0,0.0,0.0,0,12.5,Low
Axar,spinner,"M.Chinnaswamy Stadium, Bengaluru",93,31.0,145.0,1,10.1,Medium
Axar,spinner,"MA Chidambaram Stadium, Chennai",42,21.0,162.0,2,6.4,Medium
Axar,spinner,"Maharaja Yadavindra Singh International Cricket Stadium, Mullanpur, Chandigarh",21,21.0,162.0,0,6.5,Low
Axar,spinner,"Maharashtra Cricket Association Stadium, Pune",8,8.0,200.0,0,9.2,Low
Axar,spinner,"Narendra Modi Stadium, Ahmedabad",66,33.0,106.0,1,5.9,Medium
Axar,spinner,"Rajiv Gandhi International Stadium, Hyderabad",40,20.0,98.0,2,5.2,Medium
Axar,spinner,"Sawai Mansingh Stadium, Jaipur",15,0.0,115.0,1,5.2,Medium
Axar,spinner,"Wankhede Stadium, Mumbai",104,52.0,151.0,4,7.8,High
Ayush Badoni,middle_order,"Arun Jaitley Stadium, Delhi",6,6.0,67.0,0,0.0,Low
Ayush Badoni,middle_order,"Bharat Ratna Shri Atal Bihari Vajpayee Ekana Cricket Stadium, Lucknow",376,34.18181818,142.0,0,13.5,Medium
Ayush Badoni,middle_order,"Brabourne Stadium, Mumbai",19,19.0,190.0,1,6.0,Medium
Ayush Badoni,middle_order,"Dr DY Patil Sports Academy, Mumbai",42,21.0,150.0,0,0.0,Low
Ayush Badoni,middle_order,"Dr. Y.S. Rajasekhara Reddy ACA-VDCA Cricket Stadium, Visakhapatnam",4,4.0,80.0,0,0.0,Low
Ayush Badoni,middle_order,"Eden Gardens, Kolkata",54,27.0,112.0,0,0.0,Medium
Ayush Badoni,middle_order,"Himachal Pradesh Cricket Association Stadium, Dharamsala",74,74.0,185.0,0,0.0,High
Ayush Badoni,middle_order,"M.Chinnaswamy Stadium, Bengaluru",30,15.0,111.0,0,0.0,Low
Ayush Badoni,middle_order,"MA Chidambaram Stadium, Chennai",23,23.0,128.0,0,0.0,Low
Ayush Badoni,middle_order,"Maharashtra Cricket Association Stadium, Pune",27,13.5,82.0,0,0.0,Low
Ayush Badoni,middle_order,"Narendra Modi Stadium, Ahmedabad",21,21.0,191.0,2,4.0,Medium
Ayush Badoni,middle_order,"Punjab Cricket Association IS Bindra Stadium, Mohali",43,43.0,179.0,0,0.0,High
Ayush Badoni,middle_order,"Rajiv Gandhi International Stadium, Hyderabad",61,61.0,169.0,0,19.0,High
Ayush Badoni,middle_order,"Sawai Mansingh Stadium, Jaipur",52,17.33333333,121.0,0,6.0,Low
Ayush Badoni,middle_order,"Wankhede Stadium, Mumbai",130,32.5,143.0,1,6.0,Medium
Ayush Mhatre,opener,"Arun Jaitley Stadium, Delhi",43,43.0,215.0,0,0.0,High
Ayush Mhatre,opener,"Eden Gardens, Kolkata",0,0.0,0.0,0,0.0,Low
Ayush Mhatre,opener,"M.Chinnaswamy Stadium, Bengaluru",94,94.0,196.0,0,0.0,High
Ayush Mhatre,opener,"MA Chidambaram Stadium, Chennai",37,18.5,148.0,0,0.0,Low
Ayush Mhatre,opener,"Narendra Modi Stadium, Ahmedabad",34,34.0,200.0,0,0.0,Medium
Ayush Mhatre,opener,"Wankhede Stadium, Mumbai",32,32.0,213.0,0,0.0,Medium
Azmatullah,fast_bowler,"Arun Jaitley Stadium, Delhi",1,1.0,50.0,0,8.5,Low
Azmatullah,fast_bowler,"Himachal Pradesh Cricket Association Stadium, Dharamsala",0,0.0,0.0,2,8.5,Medium
Azmatullah,fast_bowler,"MA Chidambaram Stadium, Chennai",11,11.0,110.0,1,10.0,Medium
Azmatullah,fast_bowler,"Maharaja Yadavindra Singh International Cricket Stadium, Mullanpur, Chandigarh",31,15.5,141.0,0,7.7,Low
Azmatullah,fast_bowler,"Narendra Modi Stadium, Ahmedabad",34,11.33333333,121.0,7,10.2,High
Azmatullah,fast_bowler,"Sawai Mansingh Stadium, Jaipur",22,22.0,183.0,2,11.2,Medium
Bairstow,wicket_keeper,"Barsapara Cricket Stadium, Guwahati",14,14.0,64.0,0,0.0,Low
Bairstow,wicket_keeper,"Bharat Ratna Shri Atal Bihari Vajpayee Ekana Cricket Stadium, Lucknow",42,42.0,145.0,0,0.0,High
Bairstow,wicket_keeper,"Brabourne Stadium, Mumbai",83,27.66666667,184.0,0,0.0,Medium
Bairstow,wicket_keeper,"Dr DY Patil Sports Academy, Mumbai",41,13.66666667,132.0,0,0.0,Low
Bairstow,wicket_keeper,"Eden Gardens, Kolkata",108,0.0,225.0,0,0.0,Low
Bairstow,wicket_keeper,"Himachal Pradesh Cricket Association Stadium, Dharamsala",34,17.0,155.0,0,0.0,Low
Bairstow,wicket_keeper,"M.Chinnaswamy Stadium, Bengaluru",8,8.0,133.0,0,0.0,Low
Bairstow,wicket_keeper,"MA Chidambaram Stadium, Chennai",46,46.0,153.0,0,0.0,High
Bairstow,wicket_keeper,"Maharaja Yadavindra Singh International Cricket Stadium, Mullanpur, Chandigarh",24,12.0,96.0,0,0.0,Low
Bairstow,wicket_keeper,"Maharaja Yadavindra Singh International Cricket Stadium, Mullanpur, Chandigarh",47,47.0,214.0,0,0.0,High
Bairstow,wicket_keeper,"Maharashtra Cricket Association Stadium, Pune",44,22.0,107.0,0,0.0,Low
Bairstow,wicket_keeper,"Narendra Modi Stadium, Ahmedabad",60,30.0,162.0,0,0.0,Medium
Bairstow,wicket_keeper,"Wankhede Stadium, Mumbai",85,28.33333333,147.0,0,0.0,Medium
Bartlett,fast_bowler,"M.Chinnaswamy Stadium, Bengaluru",0,0.0,0.0,1,8.7,Medium
Bartlett,fast_bowler,"Maharaja Yadavindra Singh International Cricket Stadium, Mullanpur, Chandigarh",11,11.0,73.0,1,9.7,Medium
Bartlett,fast_bowler,"Sawai Mansingh Stadium, Jaipur",0,0.0,0.0,0,12.0,Low
Basil Thampi,fast_bowler,"Brabourne Stadium, Mumbai",0,0.0,0.0,3,9.8,High
Basil Thampi,fast_bowler,"Dr DY Patil Sports Academy, Mumbai",0,0.0,0.0,0,26.0,Low
Basil Thampi,fast_bowler,"Maharashtra Cricket Association Stadium, Pune",0,0.0,0.0,2,8.5,Medium
Behrendorff,fast_bowler,"Arun Jaitley Stadium, Delhi",0,0.0,0.0,3,7.7,High
Behrendorff,fast_bowler,"Bharat Ratna Shri Atal Bihari Vajpayee Ekana Cricket Stadium, Lucknow",0,0.0,0.0,2,8.0,Medium
Behrendorff,fast_bowler,"M.Chinnaswamy Stadium, Bengaluru",0,0.0,0.0,0,12.3,Low
Behrendorff,fast_bowler,"Narendra Modi Stadium, Ahmedabad",6,0.0,67.0,1,8.1,Medium
Behrendorff,fast_bowler,"Rajiv Gandhi International Stadium, Hyderabad",0,0.0,0.0,2,9.2,Medium
Behrendorff,fast_bowler,"Wankhede Stadium, Mumbai",0,0.0,0.0,6,10.5,High
Bhandage,middle_order,"M.Chinnaswamy Stadium, Bengaluru",1,1.0,25.0,0,0.0,Low
Bhui,opener,"Maharaja Yadavindra Singh International Cricket Stadium, Mullanpur, Chandigarh",3,3.0,43.0,0,0.0,Low
Bhui,opener,"Sawai Mansingh Stadium, Jaipur",0,0.0,0.0,0,0.0,Low
Bhuvneshwar,fast_bowler,"Arun Jaitley Stadium, Delhi",0,0.0,0.0,5,9.2,High
Bhuvneshwar,fast_bowler,"Bharat Ratna Shri Atal Bihari Vajpayee Ekana Cricket Stadium, Lucknow",3,3.0,150.0,3,11.1,High
Bhuvneshwar,fast_bowler,"Brabourne Stadium, Mumbai",5,0.0,167.0,3,7.2,High
Bhuvneshwar,fast_bowler,"Dr DY Patil Sports Academy, Mumbai",1,1.0,50.0,6,7.6,High
Bhuvneshwar,fast_bowler,"Eden Gardens, Kolkata",0,0.0,0.0,1,10.1,Medium
Bhuvneshwar,fast_bowler,"M.Chinnaswamy Stadium, Bengaluru",10,10.0,53.0,6,10.5,High
Bhuvneshwar,fast_bowler,"MA Chidambaram Stadium, Chennai",4,0.0,67.0,2,9.1,Medium
Bhuvneshwar,fast_bowler,"Maharaja Yadavindra Singh International Cricket Stadium, Mullanpur, Chandigarh",6,6.0,75.0,3,7.5,High
Bhuvneshwar,fast_bowler,"Maharashtra Cricket Association Stadium, Pune",9,0.0,82.0,2,6.9,Medium
Bhuvneshwar,fast_bowler,"Narendra Modi Stadium, Ahmedabad",28,9.333333333,88.0,7,8.5,High
Bhuvneshwar,fast_bowler,"Rajiv Gandhi International Stadium, Hyderabad",28,9.333333333,82.0,12,8.7,High
Bhuvneshwar,fast_bowler,"Sawai Mansingh Stadium, Jaipur",0,0.0,0.0,2,9.6,Medium
Bhuvneshwar,fast_bowler,"Wankhede Stadium, Mumbai",9,9.0,90.0,4,8.5,High
Billings,middle_order,"Brabourne Stadium, Mumbai",15,15.0,167.0,0,0.0,Low
Billings,middle_order,"Dr DY Patil Sports Academy, Mumbai",54,18.0,126.0,0,0.0,Low
Billings,middle_order,"Maharashtra Cricket Association Stadium, Pune",51,25.5,124.0,0,0.0,Medium
Billings,middle_order,"Wankhede Stadium, Mumbai",49,49.0,109.0,0,0.0,High
Boult,fast_bowler,"Arun Jaitley Stadium, Delhi",2,0.0,67.0,1,11.5,Medium
Boult,fast_bowler,"Barsapara Cricket Stadium, Guwahati",12,12.0,133.0,4,8.5,High
Boult,fast_bowler,"Bharat Ratna Shri Atal Bihari Vajpayee Ekana Cricket Stadium, Lucknow",0,0.0,0.0,2,9.9,Medium
Boult,fast_bowler,"Brabourne Stadium, Mumbai",17,0.0,189.0,3,9.2,High
Boult,fast_bowler,"Dr DY Patil Sports Academy, Mumbai",5,0.0,100.0,3,8.0,High
Boult,fast_bowler,"Eden Gardens, Kolkata",0,0.0,0.0,4,7.7,High
Boult,fast_bowler,"Himachal Pradesh Cricket Association Stadium, Dharamsala",1,0.0,50.0,1,8.8,Medium
Boult,fast_bowler,"M.Chinnaswamy Stadium, Bengaluru",0,0.0,0.0,2,10.2,Medium
Boult,fast_bowler,"MA Chidambaram Stadium, Chennai",1,1.0,20.0,3,10.3,High
Boult,fast_bowler,"Maharaja Yadavindra Singh International Cricket Stadium, Mullanpur, Chandigarh",0,0.0,0.0,1,5.5,Medium
Boult,fast_bowler,"Maharaja Yadavindra Singh International Cricket Stadium, Mullanpur, Chandigarh",0,0.0,0.0,2,14.0,Medium
Boult,fast_bowler,"Maharashtra Cricket Association Stadium, Pune",5,5.0,71.0,2,7.0,Medium
Boult,fast_bowler,"Narendra Modi Stadium, Ahmedabad",11,11.0,138.0,6,7.5,High
Boult,fast_bowler,"Rajiv Gandhi International Stadium, Hyderabad",0,0.0,0.0,6,6.7,High
Boult,fast_bowler,"Sawai Mansingh Stadium, Jaipur",15,15.0,136.0,8,8.6,High
Boult,fast_bowler,"Wankhede Stadium, Mumbai",1,0.0,100.0,19,8.3,High
Breetzke,opener,"Bharat Ratna Shri Atal Bihari Vajpayee Ekana Cricket Stadium, Lucknow",14,14.0,117.0,0,0.0,Low
Brevis,middle_order,"Arun Jaitley Stadium, Delhi",42,42.0,168.0,0,0.0,High
Brevis,middle_order,"Brabourne Stadium, Mumbai",31,31.0,238.0,0,0.0,Medium
Brevis,middle_order,"Dr DY Patil Sports Academy, Mumbai",4,4.0,57.0,0,0.0,Low
Brevis,middle_order,"Eden Gardens, Kolkata",52,52.0,208.0,0,0.0,High
Brevis,middle_order,"M.Chinnaswamy Stadium, Bengaluru",0,0.0,0.0,0,0.0,Low
Brevis,middle_order,"MA Chidambaram Stadium, Chennai",74,37.0,145.0,0,0.0,Medium
Brevis,middle_order,"Maharashtra Cricket Association Stadium, Pune",86,28.66666667,156.0,1,16.0,Medium
Brevis,middle_order,"Narendra Modi Stadium, Ahmedabad",103,51.5,169.0,0,0.0,High
Brevis,middle_order,"Wankhede Stadium, Mumbai",63,15.75,107.0,0,0.0,Low
Bumrah,fast_bowler,"Arun Jaitley Stadium, Delhi",0,0.0,0.0,2,10.0,Medium
Bumrah,fast_bowler,"Bharat Ratna Shri Atal Bihari Vajpayee Ekana Cricket Stadium, Lucknow",0,0.0,0.0,0,4.2,Low
Bumrah,fast_bowler,"Brabourne Stadium, Mumbai",0,0.0,0.0,0,10.2,Low
Bumrah,fast_bowler,"Dr DY Patil Sports Academy, Mumbai",0,0.0,0.0,8,5.3,High
Bumrah,fast_bowler,"Eden Gardens, Kolkata",0,0.0,0.0,2,10.0,Medium
Bumrah,fast_bowler,"Maharaja Yadavindra Singh International Cricket Stadium, Mullanpur, Chandigarh",0,0.0,0.0,3,5.2,High
Bumrah,fast_bowler,"Maharaja Yadavindra Singh International Cricket Stadium, Mullanpur, Chandigarh",0,0.0,0.0,1,7.0,Medium
Bumrah,fast_bowler,"Maharashtra Cricket Association Stadium, Pune",0,0.0,0.0,1,8.3,Medium
Bumrah,fast_bowler,"Narendra Modi Stadium, Ahmedabad",1,0.0,100.0,3,6.9,High
Bumrah,fast_bowler,"Rajiv Gandhi International Stadium, Hyderabad",0,0.0,0.0,1,9.4,Medium
Bumrah,fast_bowler,"Sawai Mansingh Stadium, Jaipur",2,0.0,200.0,3,6.7,High
Bumrah,fast_bowler,"Wankhede Stadium, Mumbai",9,0.0,53.0,29,5.9,High
Buttler,wicket_keeper,"Arun Jaitley Stadium, Delhi",19,19.0,112.0,0,0.0,Low
Buttler,wicket_keeper,"Barsapara Cricket Stadium, Guwahati",98,49.0,158.0,0,0.0,High
Buttler,wicket_keeper,"Bharat Ratna Shri Atal Bihari Vajpayee Ekana Cricket Stadium, Lucknow",50,25.0,156.0,0,0.0,Medium
Buttler,wicket_keeper,"Brabourne Stadium, Mumbai",107,35.66666667,149.0,0,0.0,Medium
Buttler,wicket_keeper,"Dr DY Patil Sports Academy, Mumbai",228,57.0,147.0,0,0.0,High
Buttler,wicket_keeper,"Eden Gardens, Kolkata",237,118.5,167.0,0,0.0,High
Buttler,wicket_keeper,"Himachal Pradesh Cricket Association Stadium, Dharamsala",0,0.0,0.0,0,0.0,Low
Buttler,wicket_keeper,"M.Chinnaswamy Stadium, Bengaluru",73,73.0,178.0,0,0.0,High
Buttler,wicket_keeper,"MA Chidambaram Stadium, Chennai",73,36.5,120.0,0,0.0,Medium
Buttler,wicket_keeper,"Maharashtra Cricket Association Stadium, Pune",43,21.5,116.0,0,0.0,Low
Buttler,wicket_keeper,"Narendra Modi Stadium, Ahmedabad",473,59.125,159.0,0,0.0,High
Buttler,wicket_keeper,"Rajiv Gandhi International Stadium, Hyderabad",54,18.0,208.0,0,0.0,Low
Buttler,wicket_keeper,"Sawai Mansingh Stadium, Jaipur",385,42.77777778,141.0,0,0.0,High
Buttler,wicket_keeper,"Wankhede Stadium, Mumbai",312,44.57142857,138.0,0,0.0,High
Chahal,spinner,"Arun Jaitley Stadium, Delhi",0,0.0,0.0,1,12.0,Medium
Chahal,spinner,"Barsapara Cricket Stadium, Guwahati",0,0.0,0.0,6,9.1,High
Chahal,spinner,"Bharat Ratna Shri Atal Bihari Vajpayee Ekana Cricket Stadium, Lucknow",0,0.0,0.0,1,9.6,Medium
Chahal,spinner,"Brabourne Stadium, Mumbai",0,0.0,0.0,8,9.0,High
Chahal,spinner,"Dr DY Patil Sports Academy, Mumbai",5,5.0,62.0,5,8.5,High
Chahal,spinner,"Eden Gardens, Kolkata",0,0.0,0.0,5,9.2,High
Chahal,spinner,"Himachal Pradesh Cricket Association Stadium, Dharamsala",0,0.0,0.0,1,11.2,Medium
Chahal,spinner,"M.Chinnaswamy Stadium, Bengaluru",0,0.0,0.0,3,5.6,High
Chahal,spinner,"MA Chidambaram Stadium, Chennai",0,0.0,0.0,7,7.7,High
Chahal,spinner,"Maharaja Yadavindra Singh International Cricket Stadium, Mullanpur, Chandigarh",0,0.0,0.0,6,8.6,High
Chahal,spinner,"Maharashtra Cricket Association Stadium, Pune",0,0.0,0.0,3,6.0,High
Chahal,spinner,"Narendra Modi Stadium, Ahmedabad",0,0.0,0.0,5,9.4,High
Chahal,spinner,"Rajiv Gandhi International Stadium, Hyderabad",0,0.0,0.0,5,11.2,High
Chahal,spinner,"Sawai Mansingh Stadium, Jaipur",0,0.0,0.0,13,8.8,High
Chahal,spinner,"Wankhede Stadium, Mumbai",0,0.0,0.0,13,7.1,High
Chahar,fast_bowler,"Arun Jaitley Stadium, Delhi",0,0.0,0.0,4,6.7,High
Chahar,fast_bowler,"Bharat Ratna Shri Atal Bihari Vajpayee Ekana Cricket Stadium, Lucknow",0,0.0,0.0,0,10.0,Low
Chahar,fast_bowler,"Dr. Y.S. Rajasekhara Reddy ACA-VDCA Cricket Stadium, Visakhapatnam",0,0.0,0.0,0,10.5,Low
Chahar,fast_bowler,"MA Chidambaram Stadium, Chennai",29,0.0,171.0,14,8.6,High
Chahar,fast_bowler,"Narendra Modi Stadium, Ahmedabad",0,0.0,0.0,2,9.2,Medium
Chahar,fast_bowler,"Rajiv Gandhi International Stadium, Hyderabad",0,0.0,0.0,3,6.3,High
Chahar,fast_bowler,"Sawai Mansingh Stadium, Jaipur",0,0.0,0.0,1,8.2,Medium
Chahar,fast_bowler,"Wankhede Stadium, Mumbai",9,9.0,90.0,5,10.4,High
Chakaravarthy,spinner,"Arun Jaitley Stadium, Delhi",1,0.0,17.0,2,4.2,Medium
Chakaravarthy,spinner,"Bharat Ratna Shri Atal Bihari Vajpayee Ekana Cricket Stadium, Lucknow",0,0.0,0.0,3,10.0,High
Chakaravarthy,spinner,"Brabourne Stadium, Mumbai",2,0.0,100.0,1,13.7,Medium
Chakaravarthy,spinner,"Dr DY Patil Sports Academy, Mumbai",10,0.0,62.0,2,8.6,Medium
Chakaravarthy,spinner,"Dr. Y.S. Rajasekhara Reddy ACA-VDCA Cricket Stadium, Visakhapatnam",0,0.0,0.0,3,9.5,High
Chakaravarthy,spinner,"M.Chinnaswamy Stadium, Bengaluru",0,0.0,0.0,3,7.8,High
Chakaravarthy,spinner,"MA Chidambaram Stadium, Chennai",0,0.0,0.0,3,7.4,High
Chakaravarthy,spinner,"Maharashtra Cricket Association Stadium, Pune",0,0.0,0.0,2,7.1,Medium
Chakaravarthy,spinner,"Narendra Modi Stadium, Ahmedabad",0,0.0,0.0,2,8.8,Medium
Chakaravarthy,spinner,"Punjab Cricket Association IS Bindra Stadium, Mohali",0,0.0,0.0,1,6.8,Medium
Chakaravarthy,spinner,"Rajiv Gandhi International Stadium, Hyderabad",0,0.0,0.0,1,6.0,Medium
Chakaravarthy,spinner,"Wankhede Stadium, Mumbai",0,0.0,0.0,4,6.0,High
Chameera,fast_bowler,"Arun Jaitley Stadium, Delhi",2,0.0,50.0,2,11.4,Medium
Chameera,fast_bowler,"Bharat Ratna Shri Atal Bihari Vajpayee Ekana Cricket Stadium, Lucknow",0,0.0,0.0,1,8.3,Medium
Chameera,fast_bowler,"Brabourne Stadium, Mumbai",0,0.0,0.0,1,12.0,Medium
Chameera,fast_bowler,"Dr DY Patil Sports Academy, Mumbai",1,0.0,33.0,2,11.0,Medium
Chameera,fast_bowler,"Eden Gardens, Kolkata",11,0.0,275.0,0,14.7,Low
Chameera,fast_bowler,"Himachal Pradesh Cricket Association Stadium, Dharamsala",0,0.0,0.0,0,13.5,Low
Chameera,fast_bowler,"Maharashtra Cricket Association Stadium, Pune",17,17.0,155.0,3,5.9,High
Chameera,fast_bowler,"Wankhede Stadium, Mumbai",22,22.0,122.0,4,8.6,High
Chawla,spinner,"Arun Jaitley Stadium, Delhi",10,10.0,250.0,4,7.2,High
Chawla,spinner,"Bharat Ratna Shri Atal Bihari Vajpayee Ekana Cricket Stadium, Lucknow",0,0.0,0.0,1,8.2,Medium
Chawla,spinner,"Eden Gardens, Kolkata",1,0.0,50.0,2,9.3,Medium
Chawla,spinner,"M.Chinnaswamy Stadium, Bengaluru",0,0.0,0.0,0,6.5,Low
Chawla,spinner,"MA Chidambaram Stadium, Chennai",2,0.0,100.0,2,6.2,Medium
Chawla,spinner,"Narendra Modi Stadium, Ahmedabad",18,6.0,120.0,4,11.0,High
Chawla,spinner,"Punjab Cricket Association IS Bindra Stadium, Mohali",0,0.0,0.0,2,7.2,Medium
Chawla,spinner,"Rajiv Gandhi International Stadium, Hyderabad",0,0.0,0.0,3,12.8,High
Chawla,spinner,"Sawai Mansingh Stadium, Jaipur",1,0.0,100.0,1,8.2,Medium
Chawla,spinner,"Wankhede Stadium, Mumbai",8,4.0,62.0,15,8.0,High
Chetan Sakariya,fast_bowler,"Dr DY Patil Sports Academy, Mumbai",0,0.0,0.0,2,5.8,Medium
Chetan Sakariya,fast_bowler,"Wankhede Stadium, Mumbai",0,0.0,0.0,1,9.1,Medium
Conway,opener,"Arun Jaitley Stadium, Delhi",97,48.5,162.0,0,0.0,High
Conway,opener,"Brabourne Stadium, Mumbai",16,16.0,114.0,0,0.0,Low
Conway,opener,"Dr DY Patil Sports Academy, Mumbai",87,87.0,178.0,0,0.0,High
Conway,opener,"Eden Gardens, Kolkata",56,28.0,133.0,0,0.0,Medium
Conway,opener,"M.Chinnaswamy Stadium, Bengaluru",83,83.0,184.0,0,0.0,High
Conway,opener,"MA Chidambaram Stadium, Chennai",415,51.875,131.0,0,0.0,High
Conway,opener,"Maharaja Yadavindra Singh International Cricket Stadium, Mullanpur, Chandigarh",69,0.0,141.0,0,0.0,Low
Conway,opener,"Maharashtra Cricket Association Stadium, Pune",141,141.0,153.0,0,0.0,High
Conway,opener,"Narendra Modi Stadium, Ahmedabad",100,33.33333333,152.0,0,0.0,Medium
Conway,opener,"Sawai Mansingh Stadium, Jaipur",8,8.0,50.0,0,0.0,Low
Conway,opener,"Wankhede Stadium, Mumbai",8,2.0,36.0,0,0.0,Low
Corbin Bosch,fast_bowler,"Sawai Mansingh Stadium, Jaipur",0,0.0,0.0,0,10.0,Low
Corbin Bosch,fast_bowler,"Wankhede Stadium, Mumbai",47,23.5,147.0,1,6.5,Medium
Coulter-Nile,fast_bowler,"Maharashtra Cricket Association Stadium, Pune",1,0.0,50.0,0,16.3,Low
Cummins,fast_bowler,"Arun Jaitley Stadium, Delhi",1,0.0,100.0,0,10.0,Low
Cummins,fast_bowler,"Bharat Ratna Shri Atal Bihari Vajpayee Ekana Cricket Stadium, Lucknow",13,0.0,217.0,3,8.5,High
Cummins,fast_bowler,"Brabourne Stadium, Mumbai",7,2.333333333,100.0,2,12.2,Medium
Cummins,fast_bowler,"Dr DY Patil Sports Academy, Mumbai",0,0.0,0.0,3,6.5,High
Cummins,fast_bowler,"Dr. Y.S. Rajasekhara Reddy ACA-VDCA Cricket Stadium, Visakhapatnam",2,2.0,29.0,0,13.5,Low
Cummins,fast_bowler,"Eden Gardens, Kolkata",14,14.0,88.0,2,9.8,Medium
Cummins,fast_bowler,"M.Chinnaswamy Stadium, Bengaluru",0,0.0,0.0,3,10.8,High
Cummins,fast_bowler,"MA Chidambaram Stadium, Chennai",34,17.0,110.0,4,8.6,High
Cummins,fast_bowler,"Maharaja Yadavindra Singh International Cricket Stadium, Mullanpur, Chandigarh",3,3.0,75.0,1,5.5,Medium
Cummins,fast_bowler,"Maharashtra Cricket Association Stadium, Pune",56,0.0,373.0,2,12.2,Medium
Cummins,fast_bowler,"Narendra Modi Stadium, Ahmedabad",51,51.0,142.0,3,10.0,High
Cummins,fast_bowler,"Rajiv Gandhi International Stadium, Hyderabad",72,24.0,232.0,14,9.7,High
Cummins,fast_bowler,"Wankhede Stadium, Mumbai",43,0.0,205.0,4,7.6,High
Daniel Sams,fast_bowler,"Brabourne Stadium, Mumbai",7,7.0,175.0,0,10.7,Low
Daniel Sams,fast_bowler,"Dr DY Patil Sports Academy, Mumbai",12,4.0,171.0,6,7.5,High
Daniel Sams,fast_bowler,"Maharashtra Cricket Association Stadium, Pune",0,0.0,0.0,1,16.7,Medium
Daniel Sams,fast_bowler,"Wankhede Stadium, Mumbai",19,6.333333333,76.0,6,8.1,High
Darshan Nalkande,fast_bowler,"Bharat Ratna Shri Atal Bihari Vajpayee Ekana Cricket Stadium, Lucknow",12,12.0,109.0,2,10.5,Medium
Darshan Nalkande,fast_bowler,"Brabourne Stadium, Mumbai",0,0.0,0.0,2,12.3,Medium
Darshan Nalkande,fast_bowler,"Dr DY Patil Sports Academy, Mumbai",0,0.0,0.0,0,10.2,Low
Darshan Nalkande,fast_bowler,"MA Chidambaram Stadium, Chennai",0,0.0,0.0,1,11.2,Medium
Darshan Nalkande,fast_bowler,"Narendra Modi Stadium, Ahmedabad",0,0.0,0.0,1,8.8,Medium
Daryl Mitchell,middle_order,"Dr DY Patil Sports Academy, Mumbai",17,17.0,85.0,0,20.0,Low
Daryl Mitchell,middle_order,"Dr. Y.S. Rajasekhara Reddy ACA-VDCA Cricket Stadium, Visakhapatnam",34,34.0,131.0,0,0.0,Medium
Daryl Mitchell,middle_order,"Himachal Pradesh Cricket Association Stadium, Dharamsala",30,30.0,158.0,0,0.0,Medium
Daryl Mitchell,middle_order,"M.Chinnaswamy Stadium, Bengaluru",4,4.0,67.0,0,0.0,Low
Daryl Mitchell,middle_order,"MA Chidambaram Stadium, Chennai",157,31.4,139.0,1,9.0,Medium
Daryl Mitchell,middle_order,"Maharashtra Cricket Association Stadium, Pune",16,16.0,67.0,0,7.0,Low
Daryl Mitchell,middle_order,"Narendra Modi Stadium, Ahmedabad",63,63.0,185.0,0,13.0,High
Daryl Mitchell,middle_order,"Rajiv Gandhi International Stadium, Hyderabad",13,13.0,118.0,0,0.0,Low
Daryl Mitchell,middle_order,"Wankhede Stadium, Mumbai",17,17.0,121.0,0,0.0,Low
de Kock,wicket_keeper,"Arun Jaitley Stadium, Delhi",21,10.5,100.0,0,0.0,Low
de Kock,wicket_keeper,"Barsapara Cricket Stadium, Guwahati",97,0.0,159.0,0,0.0,Low
de Kock,wicket_keeper,"Bharat Ratna Shri Atal Bihari Vajpayee Ekana Cricket Stadium, Lucknow",157,26.16666667,135.0,0,0.0,Medium
de Kock,wicket_keeper,"Brabourne Stadium, Mumbai",92,30.66666667,139.0,0,0.0,Medium
de Kock,wicket_keeper,"Dr DY Patil Sports Academy, Mumbai",224,74.66666667,171.0,0,0.0,High
de Kock,wicket_keeper,"Eden Gardens, Kolkata",64,10.66666667,107.0,0,0.0,Low
de Kock,wicket_keeper,"M.Chinnaswamy Stadium, Bengaluru",81,81.0,145.0,0,0.0,High
de Kock,wicket_keeper,"MA Chidambaram Stadium, Chennai",23,11.5,121.0,0,0.0,Low
de Kock,wicket_keeper,"Maharaja Yadavindra Singh International Cricket Stadium, Mullanpur, Chandigarh",2,2.0,50.0,0,0.0,Low
de Kock,wicket_keeper,"Maharashtra Cricket Association Stadium, Pune",107,35.66666667,141.0,0,0.0,Medium
de Kock,wicket_keeper,"Narendra Modi Stadium, Ahmedabad",70,70.0,171.0,0,0.0,High
de Kock,wicket_keeper,"Rajiv Gandhi International Stadium, Hyderabad",31,15.5,129.0,0,0.0,Low
de Kock,wicket_keeper,"Sawai Mansingh Stadium, Jaipur",4,4.0,80.0,0,0.0,Low
de Kock,wicket_keeper,"Wankhede Stadium, Mumbai",80,16.0,121.0,0,0.0,Low
Dhawan,opener,"Arun Jaitley Stadium, Delhi",7,7.0,140.0,0,0.0,Low
Dhawan,opener,"Barsapara Cricket Stadium, Guwahati",86,0.0,154.0,0,0.0,Low
Dhawan,opener,"Bharat Ratna Shri Atal Bihari Vajpayee Ekana Cricket Stadium, Lucknow",70,70.0,140.0,0,0.0,High
Dhawan,opener,"Brabourne Stadium, Mumbai",98,24.5,124.0,0,0.0,Low
Dhawan,opener,"Dr DY Patil Sports Academy, Mumbai",132,44.0,121.0,0,0.0,High
Dhawan,opener,"Eden Gardens, Kolkata",57,57.0,121.0,0,0.0,High
Dhawan,opener,"Himachal Pradesh Cricket Association Stadium, Dharamsala",17,17.0,142.0,0,0.0,Low
Dhawan,opener,"M.Chinnaswamy Stadium, Bengaluru",45,45.0,122.0,0,0.0,High
Dhawan,opener,"MA Chidambaram Stadium, Chennai",28,28.0,187.0,0,0.0,Medium
Dhawan,opener,"Maharaja Yadavindra Singh International Cricket Stadium, Mullanpur, Chandigarh",36,18.0,112.0,0,0.0,Low
Dhawan,opener,"Maharashtra Cricket Association Stadium, Pune",75,37.5,115.0,0,0.0,Medium
Dhawan,opener,"Narendra Modi Stadium, Ahmedabad",1,1.0,50.0,0,0.0,Low
Dhawan,opener,"Punjab Cricket Association IS Bindra Stadium, Mohali",79,19.75,134.0,0,0.0,Low
Dhawan,opener,"Rajiv Gandhi International Stadium, Hyderabad",99,0.0,150.0,0,0.0,Low
Dhawan,opener,"Wankhede Stadium, Mumbai",155,51.66666667,127.0,0,0.0,High
Dhoni,wicket_keeper,"Arun Jaitley Stadium, Delhi",21,21.0,100.0,0,0.0,Low
Dhoni,wicket_keeper,"Barsapara Cricket Stadium, Guwahati",16,16.0,145.0,0,0.0,Low
Dhoni,wicket_keeper,"Bharat Ratna Shri Atal Bihari Vajpayee Ekana Cricket Stadium, Lucknow",54,0.0,270.0,0,0.0,Low
Dhoni,wicket_keeper,"Brabourne Stadium, Mumbai",65,32.5,105.0,0,0.0,Medium
Dhoni,wicket_keeper,"Dr DY Patil Sports Academy, Mumbai",52,52.0,193.0,0,0.0,High
Dhoni,wicket_keeper,"Dr. Y.S. Rajasekhara Reddy ACA-VDCA Cricket Stadium, Visakhapatnam",37,0.0,231.0,0,0.0,Low
Dhoni,wicket_keeper,"Eden Gardens, Kolkata",19,0.0,90.0,0,0.0,Low
Dhoni,wicket_keeper,"Himachal Pradesh Cricket Association Stadium, Dharamsala",0,0.0,0.0,0,0.0,Low
Dhoni,wicket_keeper,"M.Chinnaswamy Stadium, Bengaluru",38,19.0,173.0,0,0.0,Low
Dhoni,wicket_keeper,"MA Chidambaram Stadium, Chennai",184,26.28571429,153.0,0,0.0,Medium
Dhoni,wicket_keeper,"Maharaja Yadavindra Singh International Cricket Stadium, Mullanpur, Chandigarh",33,33.0,254.0,0,0.0,Medium
Dhoni,wicket_keeper,"Maharashtra Cricket Association Stadium, Pune",10,5.0,100.0,0,0.0,Low
Dhoni,wicket_keeper,"Narendra Modi Stadium, Ahmedabad",40,40.0,211.0,0,0.0,Medium
Dhoni,wicket_keeper,"Rajiv Gandhi International Stadium, Hyderabad",1,0.0,50.0,0,0.0,Low
Dhoni,wicket_keeper,"Wankhede Stadium, Mumbai",129,43.0,130.0,0,0.0,High
Dhruv Jurel,wicket_keeper,"Arun Jaitley Stadium, Delhi",57,57.0,197.0,0,0.0,High
Dhruv Jurel,wicket_keeper,"Barsapara Cricket Stadium, Guwahati",76,25.33333333,141.0,0,0.0,Medium
Dhruv Jurel,wicket_keeper,"Bharat Ratna Shri Atal Bihari Vajpayee Ekana Cricket Stadium, Lucknow",52,0.0,153.0,0,0.0,Low
Dhruv Jurel,wicket_keeper,"Eden Gardens, Kolkata",2,1.0,40.0,0,0.0,Low
Dhruv Jurel,wicket_keeper,"Himachal Pradesh Cricket Association Stadium, Dharamsala",10,0.0,250.0,0,0.0,Low
Dhruv Jurel,wicket_keeper,"M.Chinnaswamy Stadium, Bengaluru",81,81.0,162.0,0,0.0,High
Dhruv Jurel,wicket_keeper,"MA Chidambaram Stadium, Chennai",88,44.0,149.0,0,0.0,High
Dhruv Jurel,wicket_keeper,"Maharaja Yadavindra Singh International Cricket Stadium, Mullanpur, Chandigarh",19,19.0,119.0,0,0.0,Low
Dhruv Jurel,wicket_keeper,"Narendra Modi Stadium, Ahmedabad",31,15.5,141.0,0,0.0,Low
Dhruv Jurel,wicket_keeper,"Rajiv Gandhi International Stadium, Hyderabad",71,35.5,187.0,0,0.0,Medium
Dhruv Jurel,wicket_keeper,"Sawai Mansingh Stadium, Jaipur",191,27.28571429,149.0,0,0.0,Medium
Dhruv Jurel,wicket_keeper,"Wankhede Stadium, Mumbai",2,2.0,67.0,0,0.0,Low
Digvesh Rathi,spinner,"Bharat Ratna Shri Atal Bihari Vajpayee Ekana Cricket Stadium, Lucknow",0,0.0,0.0,7,7.3,High
Digvesh Rathi,spinner,"Dr. Y.S. Rajasekhara Reddy ACA-VDCA Cricket Stadium, Visakhapatnam",0,0.0,0.0,2,7.8,Medium
Digvesh Rathi,spinner,"Eden Gardens, Kolkata",0,0.0,0.0,1,8.8,Medium
Digvesh Rathi,spinner,"Himachal Pradesh Cricket Association Stadium, Dharamsala",0,0.0,0.0,2,11.5,Medium
Digvesh Rathi,spinner,"Rajiv Gandhi International Stadium, Hyderabad",0,0.0,0.0,1,10.0,Medium
Digvesh Rathi,spinner,"Sawai Mansingh Stadium, Jaipur",0,0.0,0.0,0,7.5,Low
Digvesh Rathi,spinner,"Wankhede Stadium, Mumbai",1,1.0,33.0,1,12.0,Medium
du Plessis,opener,"Arun Jaitley Stadium, Delhi",134,33.5,119.0,0,0.0,Medium
du Plessis,opener,"Bharat Ratna Shri Atal Bihari Vajpayee Ekana Cricket Stadium, Lucknow",44,44.0,110.0,0,0.0,High
du Plessis,opener,"Brabourne Stadium, Mumbai",15,5.0,79.0,0,0.0,Low
du Plessis,opener,"Dr DY Patil Sports Academy, Mumbai",197,49.25,147.0,0,0.0,High
du Plessis,opener,"Dr. Y.S. Rajasekhara Reddy ACA-VDCA Cricket Stadium, Visakhapatnam",79,39.5,176.0,0,0.0,Medium
du Plessis,opener,"Eden Gardens, Kolkata",30,10.0,150.0,0,0.0,Low
du Plessis,opener,"Himachal Pradesh Cricket Association Stadium, Dharamsala",9,9.0,129.0,0,0.0,Low
du Plessis,opener,"M.Chinnaswamy Stadium, Bengaluru",561,43.15384615,168.0,0,0.0,High
du Plessis,opener,"MA Chidambaram Stadium, Chennai",35,35.0,152.0,0,0.0,Medium
du Plessis,opener,"Maharashtra Cricket Association Stadium, Pune",77,25.66666667,115.0,0,0.0,Medium
du Plessis,opener,"Narendra Modi Stadium, Ahmedabad",66,22.0,125.0,0,0.0,Low
du Plessis,opener,"Punjab Cricket Association IS Bindra Stadium, Mohali",84,84.0,150.0,0,0.0,High
du Plessis,opener,"Rajiv Gandhi International Stadium, Hyderabad",99,33.0,148.0,0,0.0,Medium
du Plessis,opener,"Sawai Mansingh Stadium, Jaipur",122,40.66666667,133.0,0,0.0,Medium
du Plessis,opener,"Wankhede Stadium, Mumbai",286,47.66666667,138.0,0,0.0,High
Dwayne Bravo,fast_bowler,"Brabourne Stadium, Mumbai",1,1.0,50.0,2,9.7,Medium
Dwayne Bravo,fast_bowler,"Dr DY Patil Sports Academy, Mumbai",10,0.0,143.0,6,10.0,High
Dwayne Bravo,fast_bowler,"Maharashtra Cricket Association Stadium, Pune",0,0.0,0.0,3,5.8,High
Dwayne Bravo,fast_bowler,"Wankhede Stadium, Mumbai",12,12.0,80.0,5,7.8,High
Eshan Malinga,fast_bowler,"Arun Jaitley Stadium, Delhi",0,0.0,0.0,3,8.5,High
Eshan Malinga,fast_bowler,"Bharat Ratna Shri Atal Bihari Vajpayee Ekana Cricket Stadium, Lucknow",0,0.0,0.0,4,8.6,High
Eshan Malinga,fast_bowler,"Rajiv Gandhi International Stadium, Hyderabad",0,0.0,0.0,4,9.8,High
Eshan Malinga,fast_bowler,"Wankhede Stadium, Mumbai",0,0.0,0.0,2,9.0,Medium
Fabian Allen,spinner,"Brabourne Stadium, Mumbai",8,8.0,114.0,1,11.5,Medium
Fazalhaq Farooqi,fast_bowler,"Bharat Ratna Shri Atal Bihari Vajpayee Ekana Cricket Stadium, Lucknow",0,0.0,0.0,1,4.7,Medium
Fazalhaq Farooqi,fast_bowler,"M.Chinnaswamy Stadium, Bengaluru",2,0.0,100.0,0,10.0,Low
Fazalhaq Farooqi,fast_bowler,"Narendra Modi Stadium, Ahmedabad",1,0.0,20.0,1,9.9,Medium
Fazalhaq Farooqi,fast_bowler,"Rajiv Gandhi International Stadium, Hyderabad",0,0.0,0.0,2,11.9,Medium
Fazalhaq Farooqi,fast_bowler,"Sawai Mansingh Stadium, Jaipur",0,0.0,0.0,0,13.4,Low
Fazalhaq Farooqi,fast_bowler,"Wankhede Stadium, Mumbai",2,0.0,25.0,2,9.2,Medium
Ferguson,fast_bowler,"Bharat Ratna Shri Atal Bihari Vajpayee Ekana Cricket Stadium, Lucknow",0,0.0,0.0,1,9.0,Medium
Ferguson,fast_bowler,"Brabourne Stadium, Mumbai",0,0.0,0.0,3,8.8,High
Ferguson,fast_bowler,"Dr DY Patil Sports Academy, Mumbai",5,2.5,125.0,5,8.9,High
Ferguson,fast_bowler,"Eden Gardens, Kolkata",1,1.0,100.0,1,14.0,Medium
Ferguson,fast_bowler,"Himachal Pradesh Cricket Association Stadium, Dharamsala",0,0.0,0.0,2,10.3,Medium
Ferguson,fast_bowler,"M.Chinnaswamy Stadium, Bengaluru",0,0.0,0.0,5,10.6,High
Ferguson,fast_bowler,"Maharaja Yadavindra Singh International Cricket Stadium, Mullanpur, Chandigarh",4,0.0,400.0,5,10.4,High
Ferguson,fast_bowler,"Maharashtra Cricket Association Stadium, Pune",0,0.0,0.0,4,9.4,High
Ferguson,fast_bowler,"Narendra Modi Stadium, Ahmedabad",0,0.0,0.0,1,9.2,Medium
Ferguson,fast_bowler,"Rajiv Gandhi International Stadium, Hyderabad",0,0.0,0.0,0,12.4,Low
Ferguson,fast_bowler,"Wankhede Stadium, Mumbai",0,0.0,0.0,1,10.2,Medium
Ferreira,middle_order,"Arun Jaitley Stadium, Delhi",1,1.0,33.0,0,0.0,Low
Ferreira,middle_order,"Barsapara Cricket Stadium, Guwahati",7,7.0,88.0,0,0.0,Low
Ferreira,middle_order,"Narendra Modi Stadium, Ahmedabad",1,1.0,33.0,0,0.0,Low
Finch,opener,"Brabourne Stadium, Mumbai",65,32.5,197.0,0,0.0,Medium
Finch,opener,"Maharashtra Cricket Association Stadium, Pune",14,14.0,100.0,0,0.0,Low
Finch,opener,"Wankhede Stadium, Mumbai",7,3.5,50.0,0,0.0,Low
Fraser-McGurk,opener,"Arun Jaitley Stadium, Delhi",231,33.0,262.0,0,0.0,Medium
Fraser-McGurk,opener,"Bharat Ratna Shri Atal Bihari Vajpayee Ekana Cricket Stadium, Lucknow",55,55.0,157.0,0,0.0,High
Fraser-McGurk,opener,"Dr. Y.S. Rajasekhara Reddy ACA-VDCA Cricket Stadium, Visakhapatnam",39,19.5,115.0,0,0.0,Low
Fraser-McGurk,opener,"Eden Gardens, Kolkata",12,12.0,171.0,0,0.0,Low
Fraser-McGurk,opener,"M.Chinnaswamy Stadium, Bengaluru",28,28.0,200.0,0,0.0,Medium
Fraser-McGurk,opener,"MA Chidambaram Stadium, Chennai",0,0.0,0.0,0,0.0,Low
Fraser-McGurk,opener,"Narendra Modi Stadium, Ahmedabad",20,20.0,200.0,0,0.0,Low
Gaikwad,opener,"Arun Jaitley Stadium, Delhi",79,79.0,158.0,0,0.0,High
Gaikwad,opener,"Barsapara Cricket Stadium, Guwahati",63,63.0,143.0,0,0.0,High
Gaikwad,opener,"Bharat Ratna Shri Atal Bihari Vajpayee Ekana Cricket Stadium, Lucknow",17,17.0,131.0,0,0.0,Low
Gaikwad,opener,"Brabourne Stadium, Mumbai",4,1.333333333,29.0,0,0.0,Low
Gaikwad,opener,"Dr DY Patil Sports Academy, Mumbai",74,18.5,117.0,0,0.0,Low
Gaikwad,opener,"Dr. Y.S. Rajasekhara Reddy ACA-VDCA Cricket Stadium, Visakhapatnam",1,1.0,50.0,0,0.0,Low
Gaikwad,opener,"Eden Gardens, Kolkata",35,35.0,175.0,0,0.0,Medium
Gaikwad,opener,"Himachal Pradesh Cricket Association Stadium, Dharamsala",32,32.0,152.0,0,0.0,Medium
Gaikwad,opener,"M.Chinnaswamy Stadium, Bengaluru",3,1.5,43.0,0,0.0,Low
Gaikwad,opener,"MA Chidambaram Stadium, Chennai",764,54.57142857,142.0,0,0.0,High
Gaikwad,opener,"Maharaja Yadavindra Singh International Cricket Stadium, Mullanpur, Chandigarh",1,1.0,33.0,0,0.0,Low
Gaikwad,opener,"Maharashtra Cricket Association Stadium, Pune",200,66.66666667,156.0,0,0.0,High
Gaikwad,opener,"Narendra Modi Stadium, Ahmedabad",118,39.33333333,171.0,0,0.0,Medium
Gaikwad,opener,"Rajiv Gandhi International Stadium, Hyderabad",26,26.0,124.0,0,0.0,Low
Gaikwad,opener,"Sawai Mansingh Stadium, Jaipur",47,47.0,162.0,0,0.0,High
Gaikwad,opener,"Wankhede Stadium, Mumbai",199,39.8,123.0,0,0.0,Medium
Gerald Coetzee,fast_bowler,"Bharat Ratna Shri Atal Bihari Vajpayee Ekana Cricket Stadium, Lucknow",1,0.0,50.0,1,11.0,Medium
Gerald Coetzee,fast_bowler,"Maharaja Yadavindra Singh International Cricket Stadium, Mullanpur, Chandigarh",0,0.0,0.0,3,8.5,High
Gerald Coetzee,fast_bowler,"Maharaja Yadavindra Singh International Cricket Stadium, Mullanpur, Chandigarh",0,0.0,0.0,0,16.7,Low
Gerald Coetzee,fast_bowler,"Narendra Modi Stadium, Ahmedabad",6,3.0,75.0,3,9.2,High
Gerald Coetzee,fast_bowler,"Rajiv Gandhi International Stadium, Hyderabad",0,0.0,0.0,1,15.2,Medium
Gerald Coetzee,fast_bowler,"Sawai Mansingh Stadium, Jaipur",0,0.0,0.0,0,12.5,Low
Gerald Coetzee,fast_bowler,"Wankhede Stadium, Mumbai",24,8.0,109.0,7,9.9,High
Glenn Phillips,middle_order,"Rajiv Gandhi International Stadium, Hyderabad",13,4.333333333,118.0,1,6.7,Medium
Glenn Phillips,middle_order,"Sawai Mansingh Stadium, Jaipur",25,25.0,357.0,0,0.0,Medium
Glenn Phillips,middle_order,"Wankhede Stadium, Mumbai",1,1.0,25.0,0,0.0,Low
Gowtham,spinner,"Bharat Ratna Shri Atal Bihari Vajpayee Ekana Cricket Stadium, Lucknow",31,10.33333333,163.0,2,6.4,Medium
Gowtham,spinner,"Dr DY Patil Sports Academy, Mumbai",0,0.0,0.0,2,7.7,Medium
Gowtham,spinner,"Eden Gardens, Kolkata",11,0.0,275.0,1,6.5,Medium
Gowtham,spinner,"MA Chidambaram Stadium, Chennai",17,0.0,155.0,0,20.0,Low
Gowtham,spinner,"Rajiv Gandhi International Stadium, Hyderabad",0,0.0,0.0,0,15.0,Low
Gowtham,spinner,"Wankhede Stadium, Mumbai",0,0.0,0.0,3,9.2,High
Green,opener,"Arun Jaitley Stadium, Delhi",17,0.0,212.0,0,10.0,Low
Green,opener,"Bharat Ratna Shri Atal Bihari Vajpayee Ekana Cricket Stadium, Lucknow",4,0.0,67.0,0,8.5,Low
Green,opener,"Eden Gardens, Kolkata",6,6.0,150.0,2,9.0,Medium
Green,opener,"Himachal Pradesh Cricket Association Stadium, Dharamsala",46,46.0,170.0,0,16.0,High
Green,opener,"M.Chinnaswamy Stadium, Bengaluru",121,24.2,148.0,4,8.6,High
Green,opener,"MA Chidambaram Stadium, Chennai",24,12.0,92.0,2,9.2,Medium
Green,opener,"Narendra Modi Stadium, Ahmedabad",90,30.0,134.0,1,12.1,Medium
Green,opener,"Punjab Cricket Association IS Bindra Stadium, Mohali",23,23.0,128.0,0,7.5,Low
Green,opener,"Rajiv Gandhi International Stadium, Hyderabad",101,0.0,168.0,3,7.3,High
Green,opener,"Sawai Mansingh Stadium, Jaipur",5,0.0,83.0,0,8.5,Low
Green,opener,"Wankhede Stadium, Mumbai",229,76.33333333,172.0,4,9.1,High
Gulbadin,middle_order,"Arun Jaitley Stadium, Delhi",19,19.0,127.0,0,12.0,Low
Gurbaz,wicket_keeper,"Arun Jaitley Stadium, Delhi",26,26.0,217.0,0,0.0,Medium
Gurbaz,wicket_keeper,"Eden Gardens, Kolkata",229,25.44444444,138.0,0,0.0,Low
Gurbaz,wicket_keeper,"MA Chidambaram Stadium, Chennai",40,20.0,111.0,0,0.0,Low
Gurbaz,wicket_keeper,"Narendra Modi Stadium, Ahmedabad",38,19.0,146.0,0,0.0,Low
Gurbaz,wicket_keeper,"Punjab Cricket Association IS Bindra Stadium, Mohali",22,22.0,138.0,0,0.0,Low
Gurbaz,wicket_keeper,"Rajiv Gandhi International Stadium, Hyderabad",0,0.0,0.0,0,0.0,Low
Gurbaz,wicket_keeper,"Wankhede Stadium, Mumbai",8,8.0,67.0,0,0.0,Low
Gurnoor Brar,fast_bowler,"Punjab Cricket Association IS Bindra Stadium, Mohali",0,0.0,0.0,0,14.0,Low
Hardik Pandya,finisher,"Arun Jaitley Stadium, Delhi",53,17.66666667,166.0,0,12.0,Low
Hardik Pandya,finisher,"Bharat Ratna Shri Atal Bihari Vajpayee Ekana Cricket Stadium, Lucknow",94,47.0,140.0,7,7.7,High
Hardik Pandya,finisher,"Brabourne Stadium, Mumbai",54,54.0,146.0,1,9.2,High
Hardik Pandya,finisher,"Dr DY Patil Sports Academy, Mumbai",205,102.5,137.0,2,6.9,High
Hardik Pandya,finisher,"Eden Gardens, Kolkata",68,34.0,133.0,1,10.2,Medium
Hardik Pandya,finisher,"MA Chidambaram Stadium, Chennai",8,8.0,114.0,0,0.0,Low
Hardik Pandya,finisher,"Maharaja Yadavindra Singh International Cricket Stadium, Mullanpur, Chandigarh",10,10.0,167.0,1,8.0,Medium
Hardik Pandya,finisher,"Maharaja Yadavindra Singh International Cricket Stadium, Mullanpur, Chandigarh",22,0.0,244.0,0,12.3,Low
Hardik Pandya,finisher,"Maharashtra Cricket Association Stadium, Pune",42,21.0,105.0,1,6.4,Medium
Hardik Pandya,finisher,"Narendra Modi Stadium, Ahmedabad",261,29.0,126.0,8,8.6,High
Hardik Pandya,finisher,"Punjab Cricket Association IS Bindra Stadium, Mohali",8,8.0,73.0,0,0.0,Low
Hardik Pandya,finisher,"Rajiv Gandhi International Stadium, Hyderabad",24,24.0,120.0,2,11.0,Medium
Hardik Pandya,finisher,"Sawai Mansingh Stadium, Jaipur",123,61.5,195.0,2,10.7,High
Hardik Pandya,finisher,"Wankhede Stadium, Mumbai",301,21.5,142.0,11,10.2,High
Harpreet Brar,spinner,"Arun Jaitley Stadium, Delhi",2,2.0,40.0,4,7.5,High
Harpreet Brar,spinner,"Barsapara Cricket Stadium, Guwahati",0,0.0,0.0,0,8.3,Low
Harpreet Brar,spinner,"Bharat Ratna Shri Atal Bihari Vajpayee Ekana Cricket Stadium, Lucknow",6,6.0,150.0,1,6.0,Medium
Harpreet Brar,spinner,"Brabourne Stadium, Mumbai",7,7.0,140.0,1,8.5,Medium
Harpreet Brar,spinner,"Dr DY Patil Sports Academy, Mumbai",1,1.0,50.0,0,11.3,Low
Harpreet Brar,spinner,"Eden Gardens, Kolkata",17,0.0,189.0,1,8.3,Medium
Harpreet Brar,spinner,"Himachal Pradesh Cricket Association Stadium, Dharamsala",17,0.0,131.0,0,19.0,Low
Harpreet Brar,spinner,"M.Chinnaswamy Stadium, Bengaluru",2,0.0,100.0,4,7.0,High
Harpreet Brar,spinner,"MA Chidambaram Stadium, Chennai",0,0.0,0.0,3,6.3,High
Harpreet Brar,spinner,"Maharaja Yadavindra Singh International Cricket Stadium, Mullanpur, Chandigarh",59,19.66666667,123.0,2,8.1,Medium
Harpreet Brar,spinner,"Narendra Modi Stadium, Ahmedabad",1,0.0,50.0,1,8.2,Medium
Harpreet Brar,spinner,"Punjab Cricket Association IS Bindra Stadium, Mohali",21,21.0,117.0,3,8.0,High
Harpreet Brar,spinner,"Rajiv Gandhi International Stadium, Hyderabad",1,1.0,50.0,1,10.2,Medium
Harpreet Brar,spinner,"Sawai Mansingh Stadium, Jaipur",7,0.0,350.0,6,8.2,High
Harpreet Brar,spinner,"Wankhede Stadium, Mumbai",19,9.5,95.0,3,7.6,High
Harpreet Singh,opener,"Bharat Ratna Shri Atal Bihari Vajpayee Ekana Cricket Stadium, Lucknow",22,22.0,100.0,0,0.0,Low
Harpreet Singh,opener,"Maharaja Yadavindra Singh International Cricket Stadium, Mullanpur, Chandigarh",27,13.5,79.0,0,0.0,Low
Harpreet Singh,opener,"Punjab Cricket Association IS Bindra Stadium, Mohali",13,0.0,144.0,0,0.0,Low
Harpreet Singh,opener,"Wankhede Stadium, Mumbai",41,41.0,146.0,0,0.0,Medium
Harry Brook,middle_order,"Arun Jaitley Stadium, Delhi",0,0.0,0.0,0,0.0,Low
Harry Brook,middle_order,"Bharat Ratna Shri Atal Bihari Vajpayee Ekana Cricket Stadium, Lucknow",3,3.0,75.0,0,0.0,Low
Harry Brook,middle_order,"Eden Gardens, Kolkata",100,0.0,182.0,0,0.0,Low
Harry Brook,middle_order,"MA Chidambaram Stadium, Chennai",18,18.0,138.0,0,0.0,Low
Harry Brook,middle_order,"Rajiv Gandhi International Stadium, Hyderabad",69,13.8,87.0,0,0.0,Low
Harry Brook,middle_order,"Wankhede Stadium, Mumbai",0,0.0,0.0,0,0.0,Low
Harsh Dubey,spinner,"Arun Jaitley Stadium, Delhi",0,0.0,0.0,3,8.5,High
Harsh Dubey,spinner,"Bharat Ratna Shri Atal Bihari Vajpayee Ekana Cricket Stadium, Lucknow",0,0.0,0.0,2,10.7,Medium
Harshal Patel,fast_bowler,"Arun Jaitley Stadium, Delhi",0,0.0,0.0,1,13.2,Medium
Harshal Patel,fast_bowler,"Barsapara Cricket Stadium, Guwahati",0,0.0,0.0,2,7.0,Medium
Harshal Patel,fast_bowler,"Bharat Ratna Shri Atal Bihari Vajpayee Ekana Cricket Stadium, Lucknow",0,0.0,0.0,3,9.8,High
Harshal Patel,fast_bowler,"Brabourne Stadium, Mumbai",15,7.5,100.0,5,8.9,High
Harshal Patel,fast_bowler,"Dr DY Patil Sports Academy, Mumbai",10,0.0,143.0,5,7.8,High
Harshal Patel,fast_bowler,"Dr. Y.S. Rajasekhara Reddy ACA-VDCA Cricket Stadium, Visakhapatnam",5,5.0,56.0,0,6.3,Low
Harshal Patel,fast_bowler,"Eden Gardens, Kolkata",3,1.5,43.0,4,11.1,High
Harshal Patel,fast_bowler,"Himachal Pradesh Cricket Association Stadium, Dharamsala",12,6.0,86.0,6,7.9,High
Harshal Patel,fast_bowler,"M.Chinnaswamy Stadium, Bengaluru",6,6.0,150.0,10,10.1,High
Harshal Patel,fast_bowler,"MA Chidambaram Stadium, Chennai",0,0.0,0.0,4,8.2,High
Harshal Patel,fast_bowler,"Maharaja Yadavindra Singh International Cricket Stadium, Mullanpur, Chandigarh",1,1.0,20.0,11,8.8,High
Harshal Patel,fast_bowler,"Maharashtra Cricket Association Stadium, Pune",8,8.0,73.0,6,8.1,High
Harshal Patel,fast_bowler,"Narendra Modi Stadium, Ahmedabad",1,1.0,50.0,1,11.2,Medium
Harshal Patel,fast_bowler,"Punjab Cricket Association IS Bindra Stadium, Mohali",0,0.0,0.0,1,6.9,Medium
Harshal Patel,fast_bowler,"Rajiv Gandhi International Stadium, Hyderabad",13,0.0,108.0,11,9.9,High
Harshal Patel,fast_bowler,"Wankhede Stadium, Mumbai",9,0.0,225.0,3,8.7,High
Harshit Rana,fast_bowler,"Arun Jaitley Stadium, Delhi",34,34.0,155.0,0,13.4,Medium
Harshit Rana,fast_bowler,"Barsapara Cricket Stadium, Guwahati",0,0.0,0.0,2,9.0,Medium
Harshit Rana,fast_bowler,"Bharat Ratna Shri Atal Bihari Vajpayee Ekana Cricket Stadium, Lucknow",0,0.0,0.0,3,7.6,High
Harshit Rana,fast_bowler,"Eden Gardens, Kolkata",16,16.0,94.0,23,10.2,High
Harshit Rana,fast_bowler,"M.Chinnaswamy Stadium, Bengaluru",0,0.0,0.0,2,9.8,Medium
Harshit Rana,fast_bowler,"MA Chidambaram Stadium, Chennai",0,0.0,0.0,4,5.9,High
Harshit Rana,fast_bowler,"Maharaja Yadavindra Singh International Cricket Stadium, Mullanpur, Chandigarh",3,3.0,50.0,3,8.7,High
Harshit Rana,fast_bowler,"Maharashtra Cricket Association Stadium, Pune",2,2.0,200.0,0,14.0,Low
Harshit Rana,fast_bowler,"Narendra Modi Stadium, Ahmedabad",0,0.0,0.0,1,6.8,Medium
Harshit Rana,fast_bowler,"Rajiv Gandhi International Stadium, Hyderabad",0,0.0,0.0,1,7.2,Medium
Harshit Rana,fast_bowler,"Wankhede Stadium, Mumbai",4,4.0,44.0,1,10.4,Medium
Hasaranga,spinner,"Arun Jaitley Stadium, Delhi",0,0.0,0.0,2,8.1,Medium
Hasaranga,spinner,"Barsapara Cricket Stadium, Guwahati",8,4.0,89.0,5,10.0,High
Hasaranga,spinner,"Bharat Ratna Shri Atal Bihari Vajpayee Ekana Cricket Stadium, Lucknow",8,0.0,114.0,1,5.0,Medium
Hasaranga,spinner,"Brabourne Stadium, Mumbai",9,4.5,41.0,4,5.6,High
Hasaranga,spinner,"Dr DY Patil Sports Academy, Mumbai",11,5.5,183.0,7,9.4,High
Hasaranga,spinner,"Eden Gardens, Kolkata",0,0.0,0.0,1,9.9,Medium
Hasaranga,spinner,"M.Chinnaswamy Stadium, Bengaluru",14,4.666666667,88.0,5,8.5,High
Hasaranga,spinner,"Maharaja Yadavindra Singh International Cricket Stadium, Mullanpur, Chandigarh",0,0.0,0.0,1,9.2,Medium
Hasaranga,spinner,"Maharashtra Cricket Association Stadium, Pune",18,9.0,129.0,5,7.5,High
Hasaranga,spinner,"Narendra Modi Stadium, Ahmedabad",0,0.0,0.0,1,6.5,Medium
Hasaranga,spinner,"Punjab Cricket Association IS Bindra Stadium, Mohali",0,0.0,0.0,2,9.8,Medium
Hasaranga,spinner,"Sawai Mansingh Stadium, Jaipur",0,0.0,0.0,2,9.8,Medium
Hasaranga,spinner,"Wankhede Stadium, Mumbai",12,0.0,150.0,10,8.5,High
Hazlewood,fast_bowler,"Arun Jaitley Stadium, Delhi",0,0.0,0.0,3,9.3,High
Hazlewood,fast_bowler,"Bharat Ratna Shri Atal Bihari Vajpayee Ekana Cricket Stadium, Lucknow",1,0.0,50.0,2,5.0,Medium
Hazlewood,fast_bowler,"Brabourne Stadium, Mumbai",10,0.0,67.0,0,12.6,Low
Hazlewood,fast_bowler,"Dr DY Patil Sports Academy, Mumbai",7,0.0,100.0,5,7.2,High
Hazlewood,fast_bowler,"Eden Gardens, Kolkata",0,0.0,0.0,5,8.4,High
Hazlewood,fast_bowler,"M.Chinnaswamy Stadium, Bengaluru",0,0.0,0.0,8,9.5,High
Hazlewood,fast_bowler,"MA Chidambaram Stadium, Chennai",0,0.0,0.0,3,5.2,High
Hazlewood,fast_bowler,"Maharaja Yadavindra Singh International Cricket Stadium, Mullanpur, Chandigarh",0,0.0,0.0,3,8.4,High
Hazlewood,fast_bowler,"Maharashtra Cricket Association Stadium, Pune",0,0.0,0.0,3,4.8,High
Hazlewood,fast_bowler,"Narendra Modi Stadium, Ahmedabad",1,0.0,50.0,3,9.8,High
Hazlewood,fast_bowler,"Sawai Mansingh Stadium, Jaipur",0,0.0,0.0,1,8.7,Medium
Hazlewood,fast_bowler,"Wankhede Stadium, Mumbai",0,0.0,0.0,9,8.1,High
Head,opener,"Arun Jaitley Stadium, Delhi",165,82.5,229.0,0,0.0,High
Head,opener,"Bharat Ratna Shri Atal Bihari Vajpayee Ekana Cricket Stadium, Lucknow",17,17.0,170.0,0,0.0,Low
Head,opener,"Dr. Y.S. Rajasekhara Reddy ACA-VDCA Cricket Stadium, Visakhapatnam",22,22.0,183.0,0,0.0,Low
Head,opener,"Eden Gardens, Kolkata",4,4.0,200.0,0,0.0,Low
Head,opener,"M.Chinnaswamy Stadium, Bengaluru",102,102.0,249.0,0,0.0,High
Head,opener,"MA Chidambaram Stadium, Chennai",66,16.5,127.0,0,0.0,Low
Head,opener,"Maharaja Yadavindra Singh International Cricket Stadium, Mullanpur, Chandigarh",21,21.0,140.0,0,0.0,Low
Head,opener,"Narendra Modi Stadium, Ahmedabad",39,13.0,122.0,0,19.2,Low
Head,opener,"Rajiv Gandhi International Stadium, Hyderabad",429,42.9,186.0,0,0.0,High
Head,opener,"Wankhede Stadium, Mumbai",76,38.0,129.0,0,0.0,Medium
Hetmyer,finisher,"Arun Jaitley Stadium, Delhi",33,0.0,183.0,0,0.0,Low
Hetmyer,finisher,"Barsapara Cricket Stadium, Guwahati",101,33.66666667,160.0,0,0.0,Medium
Hetmyer,finisher,"Brabourne Stadium, Mumbai",32,32.0,160.0,0,0.0,Medium
Hetmyer,finisher,"Dr DY Patil Sports Academy, Mumbai",70,35.0,156.0,0,0.0,Medium
Hetmyer,finisher,"Eden Gardens, Kolkata",33,11.0,106.0,0,0.0,Low
Hetmyer,finisher,"Himachal Pradesh Cricket Association Stadium, Dharamsala",46,46.0,164.0,0,0.0,High
Hetmyer,finisher,"M.Chinnaswamy Stadium, Bengaluru",14,7.0,82.0,0,0.0,Low
Hetmyer,finisher,"MA Chidambaram Stadium, Chennai",34,34.0,121.0,0,0.0,Medium
Hetmyer,finisher,"Maharaja Yadavindra Singh International Cricket Stadium, Mullanpur, Chandigarh",47,47.0,214.0,0,0.0,High
Hetmyer,finisher,"Maharashtra Cricket Association Stadium, Pune",35,17.5,175.0,0,0.0,Low
Hetmyer,finisher,"Narendra Modi Stadium, Ahmedabad",147,49.0,169.0,0,0.0,High
Hetmyer,finisher,"Rajiv Gandhi International Stadium, Hyderabad",77,38.5,160.0,0,0.0,Medium
Hetmyer,finisher,"Sawai Mansingh Stadium, Jaipur",134,14.88888889,128.0,0,0.0,Low
Hetmyer,finisher,"Wankhede Stadium, Mumbai",170,170.0,159.0,0,0.0,High
Himanshu Sharma,spinner,"M.Chinnaswamy Stadium, Bengaluru",0,0.0,0.0,0,11.0,Low
Himanshu Sharma,spinner,"Sawai Mansingh Stadium, Jaipur",0,0.0,0.0,0,14.5,Low
Holder,fast_bowler,"Barsapara Cricket Stadium, Guwahati",1,0.0,100.0,2,8.3,Medium
Holder,fast_bowler,"Brabourne Stadium, Mumbai",1,1.0,50.0,2,8.3,Medium
Holder,fast_bowler,"Dr DY Patil Sports Academy, Mumbai",24,24.0,200.0,5,8.6,High
Holder,fast_bowler,"M.Chinnaswamy Stadium, Bengaluru",0,0.0,0.0,0,8.5,Low
Holder,fast_bowler,"MA Chidambaram Stadium, Chennai",0,0.0,0.0,0,12.7,Low
Holder,fast_bowler,"Maharashtra Cricket Association Stadium, Pune",25,8.333333333,179.0,4,10.8,High
Holder,fast_bowler,"Rajiv Gandhi International Stadium, Hyderabad",0,0.0,0.0,1,5.3,Medium
Holder,fast_bowler,"Sawai Mansingh Stadium, Jaipur",0,0.0,0.0,1,11.1,Medium
Holder,fast_bowler,"Wankhede Stadium, Mumbai",19,9.5,76.0,3,12.0,High
Hooda,middle_order,"Arun Jaitley Stadium, Delhi",0,0.0,0.0,0,9.0,Low
Hooda,middle_order,"Bharat Ratna Shri Atal Bihari Vajpayee Ekana Cricket Stadium, Lucknow",117,11.7,111.0,0,7.0,Low
Hooda,middle_order,"Brabourne Stadium, Mumbai",87,29.0,158.0,0,12.0,Medium
Hooda,middle_order,"Dr DY Patil Sports Academy, Mumbai",75,25.0,125.0,0,0.0,Medium
Hooda,middle_order,"Eden Gardens, Kolkata",53,26.5,147.0,0,0.0,Medium
Hooda,middle_order,"M.Chinnaswamy Stadium, Bengaluru",9,9.0,90.0,0,0.0,Low
Hooda,middle_order,"MA Chidambaram Stadium, Chennai",50,8.333333333,94.0,0,0.0,Low
Hooda,middle_order,"Maharashtra Cricket Association Stadium, Pune",102,51.0,126.0,0,0.0,High
Hooda,middle_order,"Narendra Modi Stadium, Ahmedabad",11,11.0,100.0,0,15.0,Low
Hooda,middle_order,"Punjab Cricket Association IS Bindra Stadium, Mohali",11,0.0,183.0,0,0.0,Low
Hooda,middle_order,"Sawai Mansingh Stadium, Jaipur",28,14.0,165.0,0,0.0,Low
Hooda,middle_order,"Wankhede Stadium, Mumbai",153,30.6,131.0,1,10.3,Medium
Hrithik Shokeen,spinner,"Arun Jaitley Stadium, Delhi",0,0.0,0.0,1,10.8,Medium
Hrithik Shokeen,spinner,"Bharat Ratna Shri Atal Bihari Vajpayee Ekana Cricket Stadium, Lucknow",0,0.0,0.0,0,7.0,Low
Hrithik Shokeen,spinner,"Dr DY Patil Sports Academy, Mumbai",25,25.0,100.0,2,10.1,Medium
Hrithik Shokeen,spinner,"M.Chinnaswamy Stadium, Bengaluru",5,5.0,167.0,0,17.0,Low
Hrithik Shokeen,spinner,"Rajiv Gandhi International Stadium, Hyderabad",0,0.0,0.0,0,12.0,Low
Hrithik Shokeen,spinner,"Wankhede Stadium, Mumbai",36,36.0,100.0,2,8.1,Medium
Indrajith,wicket_keeper,"Maharashtra Cricket Association Stadium, Pune",0,0.0,0.0,0,0.0,Low
Indrajith,wicket_keeper,"Wankhede Stadium, Mumbai",21,10.5,88.0,0,0.0,Low
Ishan Kishan,middle_order,"Arun Jaitley Stadium, Delhi",80,26.66666667,133.0,0,0.0,Medium
Ishan Kishan,middle_order,"Bharat Ratna Shri Atal Bihari Vajpayee Ekana Cricket Stadium, Lucknow",220,73.33333333,146.0,0,0.0,High
Ishan Kishan,middle_order,"Brabourne Stadium, Mumbai",139,69.5,148.0,0,0.0,High
Ishan Kishan,middle_order,"Dr DY Patil Sports Academy, Mumbai",131,32.75,125.0,0,0.0,Medium
Ishan Kishan,middle_order,"Dr. Y.S. Rajasekhara Reddy ACA-VDCA Cricket Stadium, Visakhapatnam",2,2.0,40.0,0,0.0,Low
Ishan Kishan,middle_order,"Eden Gardens, Kolkata",42,21.0,156.0,0,0.0,Low
Ishan Kishan,middle_order,"M.Chinnaswamy Stadium, Bengaluru",10,10.0,77.0,0,0.0,Low
Ishan Kishan,middle_order,"MA Chidambaram Stadium, Chennai",51,25.5,119.0,0,0.0,Medium
Ishan Kishan,middle_order,"Maharaja Yadavindra Singh International Cricket Stadium, Mullanpur, Chandigarh",8,8.0,100.0,0,0.0,Low
Ishan Kishan,middle_order,"Maharashtra Cricket Association Stadium, Pune",43,14.33333333,78.0,0,0.0,Low
Ishan Kishan,middle_order,"Narendra Modi Stadium, Ahmedabad",26,8.666666667,62.0,0,0.0,Low
Ishan Kishan,middle_order,"Punjab Cricket Association IS Bindra Stadium, Mohali",75,75.0,183.0,0,0.0,High
Ishan Kishan,middle_order,"Rajiv Gandhi International Stadium, Hyderabad",205,41.0,177.0,0,24.0,High
Ishan Kishan,middle_order,"Sawai Mansingh Stadium, Jaipur",0,0.0,0.0,0,0.0,Low
Ishan Kishan,middle_order,"Wankhede Stadium, Mumbai",499,26.26315789,148.0,0,0.0,Medium
Ishant,fast_bowler,"Arun Jaitley Stadium, Delhi",0,0.0,0.0,8,8.8,High
Ishant,fast_bowler,"Bharat Ratna Shri Atal Bihari Vajpayee Ekana Cricket Stadium, Lucknow",0,0.0,0.0,1,9.0,Medium
Ishant,fast_bowler,"Dr. Y.S. Rajasekhara Reddy ACA-VDCA Cricket Stadium, Visakhapatnam",1,0.0,33.0,2,11.2,Medium
Ishant,fast_bowler,"Eden Gardens, Kolkata",0,0.0,0.0,1,9.5,Medium
Ishant,fast_bowler,"M.Chinnaswamy Stadium, Bengaluru",0,0.0,0.0,2,11.4,Medium
Ishant,fast_bowler,"MA Chidambaram Stadium, Chennai",0,0.0,0.0,0,12.0,Low
Ishant,fast_bowler,"Maharaja Yadavindra Singh International Cricket Stadium, Mullanpur, Chandigarh",0,0.0,0.0,1,7.5,Medium
Ishant,fast_bowler,"Narendra Modi Stadium, Ahmedabad",0,0.0,0.0,6,7.4,High
Ishant,fast_bowler,"Rajiv Gandhi International Stadium, Hyderabad",1,0.0,100.0,1,10.1,Medium
Ishant,fast_bowler,"Sawai Mansingh Stadium, Jaipur",0,0.0,0.0,0,17.5,Low
Ishant,fast_bowler,"Wankhede Stadium, Mumbai",0,0.0,0.0,0,13.3,Low
J Richardson,fast_bowler,"Wankhede Stadium, Mumbai",2,2.0,100.0,0,10.0,Low
J Suchith,spinner,"Brabourne Stadium, Mumbai",0,0.0,0.0,3,7.3,High
J Suchith,spinner,"Dr DY Patil Sports Academy, Mumbai",0,0.0,0.0,1,7.0,Medium
J Suchith,spinner,"Wankhede Stadium, Mumbai",2,1.0,25.0,3,8.6,High
Jackson,wicket_keeper,"Brabourne Stadium, Mumbai",15,7.5,100.0,0,0.0,Low
Jackson,wicket_keeper,"Dr DY Patil Sports Academy, Mumbai",5,2.5,62.0,0,0.0,Low
Jackson,wicket_keeper,"Wankhede Stadium, Mumbai",3,0.0,100.0,0,0.0,Low
Jacob Bethell,opener,"Arun Jaitley Stadium, Delhi",12,12.0,200.0,0,0.0,Low
Jacob Bethell,opener,"M.Chinnaswamy Stadium, Bengaluru",55,55.0,167.0,0,0.0,High
Jadeja,spinner,"Arun Jaitley Stadium, Delhi",21,21.0,175.0,1,12.8,Medium
Jadeja,spinner,"Barsapara Cricket Stadium, Guwahati",32,0.0,145.0,1,5.0,Medium
Jadeja,spinner,"Bharat Ratna Shri Atal Bihari Vajpayee Ekana Cricket Stadium, Lucknow",64,64.0,125.0,3,7.4,High
Jadeja,spinner,"Brabourne Stadium, Mumbai",17,8.5,142.0,1,9.2,Medium
Jadeja,spinner,"Dr DY Patil Sports Academy, Mumbai",26,8.666666667,108.0,3,8.2,High
Jadeja,spinner,"Dr. Y.S. Rajasekhara Reddy ACA-VDCA Cricket Stadium, Visakhapatnam",21,0.0,124.0,1,10.8,Medium
Jadeja,spinner,"Eden Gardens, Kolkata",37,18.5,206.0,2,9.7,Medium
Jadeja,spinner,"Himachal Pradesh Cricket Association Stadium, Dharamsala",43,43.0,165.0,3,5.0,High
Jadeja,spinner,"M.Chinnaswamy Stadium, Bengaluru",129,129.0,172.0,0,10.3,High
Jadeja,spinner,"MA Chidambaram Stadium, Chennai",240,16.0,116.0,18,7.1,High
Jadeja,spinner,"Maharaja Yadavindra Singh International Cricket Stadium, Mullanpur, Chandigarh",9,0.0,180.0,0,6.0,Low
Jadeja,spinner,"Maharashtra Cricket Association Stadium, Pune",26,26.0,144.0,1,6.4,Medium
Jadeja,spinner,"Narendra Modi Stadium, Ahmedabad",55,27.5,153.0,4,8.7,High
Jadeja,spinner,"Rajiv Gandhi International Stadium, Hyderabad",31,0.0,135.0,0,7.5,Low
Jadeja,spinner,"Sawai Mansingh Stadium, Jaipur",23,0.0,153.0,1,8.0,Medium
Jadeja,spinner,"Wankhede Stadium, Mumbai",100,0.0,127.0,4,7.5,High
Jaiswal,opener,"Arun Jaitley Stadium, Delhi",91,30.33333333,157.0,0,0.0,Medium
Jaiswal,opener,"Barsapara Cricket Stadium, Guwahati",108,21.6,154.0,0,0.0,Low
Jaiswal,opener,"Bharat Ratna Shri Atal Bihari Vajpayee Ekana Cricket Stadium, Lucknow",24,24.0,133.0,0,0.0,Low
Jaiswal,opener,"Brabourne Stadium, Mumbai",100,50.0,137.0,0,0.0,High
Jaiswal,opener,"Dr DY Patil Sports Academy, Mumbai",20,10.0,95.0,0,0.0,Low
Jaiswal,opener,"Eden Gardens, Kolkata",154,51.33333333,181.0,0,0.0,High
Jaiswal,opener,"Himachal Pradesh Cricket Association Stadium, Dharamsala",50,50.0,139.0,0,0.0,High
Jaiswal,opener,"M.Chinnaswamy Stadium, Bengaluru",96,48.0,171.0,0,0.0,High
Jaiswal,opener,"MA Chidambaram Stadium, Chennai",76,25.33333333,152.0,0,0.0,Medium
Jaiswal,opener,"Maharaja Yadavindra Singh International Cricket Stadium, Mullanpur, Chandigarh",106,53.0,145.0,0,0.0,High
Jaiswal,opener,"Maharashtra Cricket Association Stadium, Pune",20,20.0,125.0,0,0.0,Low
Jaiswal,opener,"Narendra Modi Stadium, Ahmedabad",95,19.0,130.0,0,0.0,Low
Jaiswal,opener,"Rajiv Gandhi International Stadium, Hyderabad",122,40.66666667,149.0,0,0.0,High
Jaiswal,opener,"Sawai Mansingh Stadium, Jaipur",609,50.75,161.0,0,0.0,High
Jaiswal,opener,"Wankhede Stadium, Mumbai",206,51.5,179.0,0,36.0,High
Jamie Overton,fast_bowler,"Barsapara Cricket Stadium, Guwahati",11,0.0,275.0,0,15.0,Low
Jamie Overton,fast_bowler,"Bharat Ratna Shri Atal Bihari Vajpayee Ekana Cricket Stadium, Lucknow",0,0.0,0.0,0,12.5,Low
Jamie Overton,fast_bowler,"Wankhede Stadium, Mumbai",4,0.0,133.0,0,14.0,Low
Jamieson,fast_bowler,"Maharaja Yadavindra Singh International Cricket Stadium, Mullanpur, Chandigarh",0,0.0,0.0,1,9.0,Medium
Jamieson,fast_bowler,"Narendra Modi Stadium, Ahmedabad",0,0.0,0.0,4,9.8,High
Jamieson,fast_bowler,"Sawai Mansingh Stadium, Jaipur",0,0.0,0.0,0,10.5,Low
Jansen,fast_bowler,"Wankhede Stadium, Mumbai",0,0.0,0.0,1,13.2,Medium
Jayant Yadav,spinner,"Bharat Ratna Shri Atal Bihari Vajpayee Ekana Cricket Stadium, Lucknow",0,0.0,0.0,0,6.5,Low
Jitesh Sharma,wicket_keeper,"Arun Jaitley Stadium, Delhi",5,5.0,100.0,0,0.0,Low
Jitesh Sharma,wicket_keeper,"Barsapara Cricket Stadium, Guwahati",49,24.5,136.0,0,0.0,Low
Jitesh Sharma,wicket_keeper,"Bharat Ratna Shri Atal Bihari Vajpayee Ekana Cricket Stadium, Lucknow",117,39.0,192.0,0,0.0,Medium
Jitesh Sharma,wicket_keeper,"Brabourne Stadium, Mumbai",90,22.5,161.0,0,0.0,Low
Jitesh Sharma,wicket_keeper,"Dr DY Patil Sports Academy, Mumbai",55,27.5,131.0,0,0.0,Medium
Jitesh Sharma,wicket_keeper,"Eden Gardens, Kolkata",21,21.0,117.0,0,0.0,Low
Jitesh Sharma,wicket_keeper,"Himachal Pradesh Cricket Association Stadium, Dharamsala",49,16.33333333,148.0,0,0.0,Low
Jitesh Sharma,wicket_keeper,"M.Chinnaswamy Stadium, Bengaluru",92,18.4,119.0,0,0.0,Low
Jitesh Sharma,wicket_keeper,"MA Chidambaram Stadium, Chennai",33,16.5,206.0,0,0.0,Low
Jitesh Sharma,wicket_keeper,"Maharaja Yadavindra Singh International Cricket Stadium, Mullanpur, Chandigarh",90,18.0,123.0,0,0.0,Low
Jitesh Sharma,wicket_keeper,"Maharashtra Cricket Association Stadium, Pune",32,32.0,160.0,0,0.0,Medium
Jitesh Sharma,wicket_keeper,"Narendra Modi Stadium, Ahmedabad",40,20.0,222.0,0,0.0,Low
Jitesh Sharma,wicket_keeper,"Punjab Cricket Association IS Bindra Stadium, Mohali",160,40.0,163.0,0,0.0,High
Jitesh Sharma,wicket_keeper,"Rajiv Gandhi International Stadium, Hyderabad",36,36.0,150.0,0,0.0,Medium
Jitesh Sharma,wicket_keeper,"Wankhede Stadium, Mumbai",122,61.0,239.0,0,0.0,High
Jofra Archer,fast_bowler,"Arun Jaitley Stadium, Delhi",0,0.0,0.0,2,8.2,Medium
Jofra Archer,fast_bowler,"Barsapara Cricket Stadium, Guwahati",16,8.0,178.0,1,8.2,Medium
Jofra Archer,fast_bowler,"Eden Gardens, Kolkata",12,0.0,150.0,1,7.8,Medium
Jofra Archer,fast_bowler,"M.Chinnaswamy Stadium, Bengaluru",0,0.0,0.0,1,8.2,Medium
Jofra Archer,fast_bowler,"MA Chidambaram Stadium, Chennai",3,0.0,150.0,0,6.2,Low
Jofra Archer,fast_bowler,"Maharaja Yadavindra Singh International Cricket Stadium, Mullanpur, Chandigarh",0,0.0,0.0,3,7.5,High
Jofra Archer,fast_bowler,"Narendra Modi Stadium, Ahmedabad",4,4.0,100.0,1,7.8,Medium
Jofra Archer,fast_bowler,"Punjab Cricket Association IS Bindra Stadium, Mohali",0,0.0,0.0,0,15.0,Low
Jofra Archer,fast_bowler,"Rajiv Gandhi International Stadium, Hyderabad",1,0.0,100.0,0,20.0,Low
Jofra Archer,fast_bowler,"Sawai Mansingh Stadium, Jaipur",30,30.0,111.0,2,10.1,Medium
Jofra Archer,fast_bowler,"Wankhede Stadium, Mumbai",1,0.0,50.0,2,10.5,Medium
Jordan,fast_bowler,"Bharat Ratna Shri Atal Bihari Vajpayee Ekana Cricket Stadium, Lucknow",0,0.0,0.0,0,12.5,Low
Jordan,fast_bowler,"Brabourne Stadium, Mumbai",5,5.0,100.0,2,5.8,Medium
Jordan,fast_bowler,"Dr DY Patil Sports Academy, Mumbai",6,0.0,200.0,0,10.8,Low
Jordan,fast_bowler,"Maharashtra Cricket Association Stadium, Pune",0,0.0,0.0,0,15.4,Low
Jordan,fast_bowler,"Narendra Modi Stadium, Ahmedabad",2,2.0,40.0,0,14.0,Low
Jordan,fast_bowler,"Wankhede Stadium, Mumbai",0,0.0,0.0,2,10.7,Medium
Josh Inglis,wicket_keeper,"Eden Gardens, Kolkata",11,0.0,183.0,0,0.0,Low
Josh Inglis,wicket_keeper,"Himachal Pradesh Cricket Association Stadium, Dharamsala",30,30.0,214.0,0,0.0,Medium
Josh Inglis,wicket_keeper,"M.Chinnaswamy Stadium, Bengaluru",14,14.0,82.0,0,0.0,Low
Josh Inglis,wicket_keeper,"MA Chidambaram Stadium, Chennai",6,0.0,100.0,0,0.0,Low
Josh Inglis,wicket_keeper,"Maharaja Yadavindra Singh International Cricket Stadium, Mullanpur, Chandigarh",35,11.66666667,117.0,0,0.0,Low
Josh Inglis,wicket_keeper,"Narendra Modi Stadium, Ahmedabad",77,38.5,175.0,0,0.0,Medium
Josh Inglis,wicket_keeper,"Sawai Mansingh Stadium, Jaipur",105,52.5,194.0,0,0.0,High
Joshua Little,fast_bowler,"Arun Jaitley Stadium, Delhi",0,0.0,0.0,0,6.8,Low
Joshua Little,fast_bowler,"Eden Gardens, Kolkata",0,0.0,0.0,2,6.2,Medium
Joshua Little,fast_bowler,"M.Chinnaswamy Stadium, Bengaluru",0,0.0,0.0,4,11.2,High
Joshua Little,fast_bowler,"Narendra Modi Stadium, Ahmedabad",0,0.0,0.0,3,10.4,High
Joshua Little,fast_bowler,"Punjab Cricket Association IS Bindra Stadium, Mohali",0,0.0,0.0,1,8.0,Medium
Joshua Little,fast_bowler,"Sawai Mansingh Stadium, Jaipur",0,0.0,0.0,1,6.0,Medium
K Nagarkoti,fast_bowler,"Brabourne Stadium, Mumbai",0,0.0,0.0,0,14.5,Low
Kamindu Mendis,middle_order,"Bharat Ratna Shri Atal Bihari Vajpayee Ekana Cricket Stadium, Lucknow",33,33.0,150.0,0,0.0,Medium
Kamindu Mendis,middle_order,"Eden Gardens, Kolkata",27,27.0,135.0,1,4.0,Medium
Kamindu Mendis,middle_order,"MA Chidambaram Stadium, Chennai",32,0.0,145.0,1,8.7,Medium
Kamindu Mendis,middle_order,"Narendra Modi Stadium, Ahmedabad",0,0.0,0.0,0,9.0,Low
Kamindu Mendis,middle_order,"Rajiv Gandhi International Stadium, Hyderabad",1,1.0,20.0,0,12.0,Low
Karan Sharma,middle_order,"Bharat Ratna Shri Atal Bihari Vajpayee Ekana Cricket Stadium, Lucknow",9,9.0,56.0,0,0.0,Low
Karan Sharma,middle_order,"Eden Gardens, Kolkata",3,3.0,60.0,0,0.0,Low
Karan Sharma,middle_order,"Maharashtra Cricket Association Stadium, Pune",4,4.0,100.0,0,0.0,Low
Karim Janat,middle_order,"Sawai Mansingh Stadium, Jaipur",0,0.0,0.0,0,30.0,Low
Karn Sharma,spinner,"Arun Jaitley Stadium, Delhi",0,0.0,0.0,4,10.7,High
Karn Sharma,spinner,"Bharat Ratna Shri Atal Bihari Vajpayee Ekana Cricket Stadium, Lucknow",2,2.0,100.0,2,5.0,Medium
Karn Sharma,spinner,"Eden Gardens, Kolkata",21,10.5,210.0,2,8.6,Medium
Karn Sharma,spinner,"Himachal Pradesh Cricket Association Stadium, Dharamsala",0,0.0,0.0,2,12.0,Medium
Karn Sharma,spinner,"M.Chinnaswamy Stadium, Bengaluru",6,0.0,150.0,4,12.2,High
Karn Sharma,spinner,"MA Chidambaram Stadium, Chennai",0,0.0,0.0,1,12.0,Medium
Karn Sharma,spinner,"Narendra Modi Stadium, Ahmedabad",5,5.0,125.0,1,11.4,Medium
Karn Sharma,spinner,"Rajiv Gandhi International Stadium, Hyderabad",0,0.0,0.0,2,10.6,Medium
Karn Sharma,spinner,"Sawai Mansingh Stadium, Jaipur",0,0.0,0.0,5,8.0,High
Karn Sharma,spinner,"Wankhede Stadium, Mumbai",1,0.0,100.0,1,10.0,Medium
Karthik,wicket_keeper,"Arun Jaitley Stadium, Delhi",11,11.0,122.0,0,0.0,Low
Karthik,wicket_keeper,"Bharat Ratna Shri Atal Bihari Vajpayee Ekana Cricket Stadium, Lucknow",16,0.0,145.0,0,0.0,Low
Karthik,wicket_keeper,"Brabourne Stadium, Mumbai",13,4.333333333,76.0,0,0.0,Low
Karthik,wicket_keeper,"Dr DY Patil Sports Academy, Mumbai",93,93.0,216.0,0,0.0,High
Karthik,wicket_keeper,"Eden Gardens, Kolkata",71,35.5,145.0,0,0.0,Medium
Karthik,wicket_keeper,"Himachal Pradesh Cricket Association Stadium, Dharamsala",18,18.0,257.0,0,0.0,Low
Karthik,wicket_keeper,"M.Chinnaswamy Stadium, Bengaluru",237,23.7,180.0,0,0.0,Low
Karthik,wicket_keeper,"MA Chidambaram Stadium, Chennai",38,0.0,146.0,0,0.0,Low
Karthik,wicket_keeper,"Maharashtra Cricket Association Stadium, Pune",39,0.0,170.0,0,0.0,Low
Karthik,wicket_keeper,"Narendra Modi Stadium, Ahmedabad",17,8.5,85.0,0,0.0,Low
Karthik,wicket_keeper,"Punjab Cricket Association IS Bindra Stadium, Mohali",7,7.0,140.0,0,0.0,Low
Karthik,wicket_keeper,"Rajiv Gandhi International Stadium, Hyderabad",11,11.0,183.0,0,0.0,Low
Karthik,wicket_keeper,"Sawai Mansingh Stadium, Jaipur",0,0.0,0.0,0,0.0,Low
Karthik,wicket_keeper,"Wankhede Stadium, Mumbai",225,225.0,208.0,0,0.0,High
Kartik Tyagi,fast_bowler,"Brabourne Stadium, Mumbai",7,7.0,140.0,0,9.2,Low
Kartik Tyagi,fast_bowler,"Narendra Modi Stadium, Ahmedabad",0,0.0,0.0,0,13.0,Low
Kartik Tyagi,fast_bowler,"Rajiv Gandhi International Stadium, Hyderabad",0,0.0,0.0,1,15.3,Medium
Kartik Tyagi,fast_bowler,"Wankhede Stadium, Mumbai",0,0.0,0.0,1,12.1,Medium
Karun Nair,opener,"Arun Jaitley Stadium, Delhi",108,36.0,180.0,0,0.0,Medium
Karun Nair,opener,"Bharat Ratna Shri Atal Bihari Vajpayee Ekana Cricket Stadium, Lucknow",15,15.0,167.0,0,0.0,Low
Karun Nair,opener,"Brabourne Stadium, Mumbai",3,3.0,60.0,0,0.0,Low
Karun Nair,opener,"Narendra Modi Stadium, Ahmedabad",31,31.0,172.0,0,0.0,Medium
Karun Nair,opener,"Rajiv Gandhi International Stadium, Hyderabad",0,0.0,0.0,0,0.0,Low
Karun Nair,opener,"Sawai Mansingh Stadium, Jaipur",44,44.0,163.0,0,0.0,High
Karun Nair,opener,"Wankhede Stadium, Mumbai",13,13.0,100.0,0,0.0,Low
Kaverappa,spinner,"Himachal Pradesh Cricket Association Stadium, Dharamsala",0,0.0,0.0,2,9.0,Medium
Kedar Jadhav,middle_order,"Wankhede Stadium, Mumbai",12,0.0,120.0,0,0.0,Low
Khaleel Ahmed,fast_bowler,"Arun Jaitley Stadium, Delhi",0,0.0,0.0,8,11.6,High
Khaleel Ahmed,fast_bowler,"Barsapara Cricket Stadium, Guwahati",0,0.0,0.0,2,11.7,Medium
Khaleel Ahmed,fast_bowler,"Bharat Ratna Shri Atal Bihari Vajpayee Ekana Cricket Stadium, Lucknow",0,0.0,0.0,5,9.3,High
Khaleel Ahmed,fast_bowler,"Brabourne Stadium, Mumbai",0,0.0,0.0,10,6.4,High
Khaleel Ahmed,fast_bowler,"Dr DY Patil Sports Academy, Mumbai",0,0.0,0.0,2,8.9,Medium
Khaleel Ahmed,fast_bowler,"Dr. Y.S. Rajasekhara Reddy ACA-VDCA Cricket Stadium, Visakhapatnam",0,0.0,0.0,3,8.5,High
Khaleel Ahmed,fast_bowler,"Eden Gardens, Kolkata",0,0.0,0.0,0,8.6,Low
Khaleel Ahmed,fast_bowler,"M.Chinnaswamy Stadium, Bengaluru",0,0.0,0.0,2,13.9,Medium
Khaleel Ahmed,fast_bowler,"MA Chidambaram Stadium, Chennai",1,0.0,50.0,10,8.0,High
Khaleel Ahmed,fast_bowler,"Maharaja Yadavindra Singh International Cricket Stadium, Mullanpur, Chandigarh",0,0.0,0.0,4,11.2,High
Khaleel Ahmed,fast_bowler,"Maharashtra Cricket Association Stadium, Pune",0,0.0,0.0,2,8.5,Medium
Khaleel Ahmed,fast_bowler,"Narendra Modi Stadium, Ahmedabad",0,0.0,0.0,4,5.6,High
Khaleel Ahmed,fast_bowler,"Sawai Mansingh Stadium, Jaipur",0,0.0,0.0,1,6.0,Medium
Khaleel Ahmed,fast_bowler,"Wankhede Stadium, Mumbai",0,0.0,0.0,3,9.9,High
Khejroliya,fast_bowler,"Arun Jaitley Stadium, Delhi",0,0.0,0.0,0,15.0,Low
Khejroliya,fast_bowler,"Eden Gardens, Kolkata",0,0.0,0.0,2,14.7,Medium
Khejroliya,fast_bowler,"Narendra Modi Stadium, Ahmedabad",0,0.0,0.0,1,9.7,Medium
Klaasen,wicket_keeper,"Arun Jaitley Stadium, Delhi",173,173.0,234.0,0,0.0,High
Klaasen,wicket_keeper,"Bharat Ratna Shri Atal Bihari Vajpayee Ekana Cricket Stadium, Lucknow",71,35.5,173.0,0,0.0,Medium
Klaasen,wicket_keeper,"Dr. Y.S. Rajasekhara Reddy ACA-VDCA Cricket Stadium, Visakhapatnam",32,32.0,168.0,0,0.0,Medium
Klaasen,wicket_keeper,"Eden Gardens, Kolkata",112,56.0,200.0,0,0.0,High
Klaasen,wicket_keeper,"M.Chinnaswamy Stadium, Bengaluru",67,67.0,216.0,0,0.0,High
Klaasen,wicket_keeper,"MA Chidambaram Stadium, Chennai",110,22.0,115.0,0,0.0,Low
Klaasen,wicket_keeper,"Maharaja Yadavindra Singh International Cricket Stadium, Mullanpur, Chandigarh",9,9.0,100.0,0,0.0,Low
Klaasen,wicket_keeper,"Narendra Modi Stadium, Ahmedabad",143,35.75,149.0,0,0.0,Medium
Klaasen,wicket_keeper,"Rajiv Gandhi International Stadium, Hyderabad",614,61.4,183.0,0,0.0,High
Klaasen,wicket_keeper,"Sawai Mansingh Stadium, Jaipur",26,26.0,217.0,0,0.0,Medium
Klaasen,wicket_keeper,"Wankhede Stadium, Mumbai",57,19.0,127.0,0,0.0,Low
KM Asif,fast_bowler,"Barsapara Cricket Stadium, Guwahati",0,0.0,0.0,0,13.8,Low
KM Asif,fast_bowler,"Eden Gardens, Kolkata",0,0.0,0.0,1,9.0,Medium
KM Asif,fast_bowler,"Rajiv Gandhi International Stadium, Hyderabad",0,0.0,0.0,0,5.0,Low
KM Asif,fast_bowler,"Sawai Mansingh Stadium, Jaipur",0,0.0,0.0,2,10.5,Medium
Kohler-Cadmore,opener,"Barsapara Cricket Stadium, Guwahati",18,18.0,78.0,0,0.0,Low
Kohler-Cadmore,opener,"MA Chidambaram Stadium, Chennai",10,10.0,62.0,0,0.0,Low
Kohler-Cadmore,opener,"Narendra Modi Stadium, Ahmedabad",20,20.0,133.0,0,0.0,Low
Kohli,opener,"Arun Jaitley Stadium, Delhi",106,53.0,114.0,0,0.0,High
Kohli,opener,"Bharat Ratna Shri Atal Bihari Vajpayee Ekana Cricket Stadium, Lucknow",128,42.66666667,151.0,0,0.0,High
Kohli,opener,"Brabourne Stadium, Mumbai",78,26.0,115.0,0,0.0,Medium
Kohli,opener,"Dr DY Patil Sports Academy, Mumbai",54,18.0,135.0,0,0.0,Low
Kohli,opener,"Eden Gardens, Kolkata",123,41.0,145.0,0,0.0,Medium
Kohli,opener,"Himachal Pradesh Cricket Association Stadium, Dharamsala",92,92.0,196.0,0,0.0,High
Kohli,opener,"M.Chinnaswamy Stadium, Bengaluru",856,53.5,158.0,0,0.0,High
Kohli,opener,"MA Chidambaram Stadium, Chennai",52,26.0,104.0,0,0.0,Medium
Kohli,opener,"Maharaja Yadavindra Singh International Cricket Stadium, Mullanpur, Chandigarh",85,85.0,129.0,0,0.0,High
Kohli,opener,"Maharashtra Cricket Association Stadium, Pune",87,29.0,110.0,0,0.0,Medium
Kohli,opener,"Narendra Modi Stadium, Ahmedabad",153,51.0,138.0,0,0.0,High
Kohli,opener,"Punjab Cricket Association IS Bindra Stadium, Mohali",59,59.0,126.0,0,0.0,High
Kohli,opener,"Rajiv Gandhi International Stadium, Hyderabad",151,75.5,142.0,0,0.0,High
Kohli,opener,"Sawai Mansingh Stadium, Jaipur",193,193.0,142.0,0,0.0,High
Kohli,opener,"Wankhede Stadium, Mumbai",161,26.83333333,124.0,0,0.0,Medium
Krunal Pandya,spinner,"Arun Jaitley Stadium, Delhi",91,91.0,140.0,1,8.0,High
Krunal Pandya,spinner,"Bharat Ratna Shri Atal Bihari Vajpayee Ekana Cricket Stadium, Lucknow",230,28.75,126.0,12,7.2,High
Krunal Pandya,spinner,"Brabourne Stadium, Mumbai",26,26.0,108.0,0,10.0,Low
Krunal Pandya,spinner,"Dr DY Patil Sports Academy, Mumbai",67,33.5,149.0,3,6.8,High
Krunal Pandya,spinner,"Eden Gardens, Kolkata",16,8.0,94.0,5,8.7,High
Krunal Pandya,spinner,"M.Chinnaswamy Stadium, Bengaluru",24,6.0,89.0,3,9.2,High
Krunal Pandya,spinner,"MA Chidambaram Stadium, Chennai",9,4.5,75.0,0,10.7,Low
Krunal Pandya,spinner,"Maharaja Yadavindra Singh International Cricket Stadium, Mullanpur, Chandigarh",0,0.0,0.0,2,7.0,Medium
Krunal Pandya,spinner,"Maharashtra Cricket Association Stadium, Pune",37,12.33333333,95.0,2,4.5,Medium
Krunal Pandya,spinner,"Narendra Modi Stadium, Ahmedabad",4,2.0,67.0,2,6.9,Medium
Krunal Pandya,spinner,"Punjab Cricket Association IS Bindra Stadium, Mohali",5,0.0,250.0,0,13.0,Low
Krunal Pandya,spinner,"Rajiv Gandhi International Stadium, Hyderabad",24,24.0,114.0,2,6.0,Medium
Krunal Pandya,spinner,"Sawai Mansingh Stadium, Jaipur",7,0.0,100.0,1,6.1,Medium
Krunal Pandya,spinner,"Wankhede Stadium, Mumbai",65,32.5,151.0,9,7.6,High
KS Rathore,wicket_keeper,"Eden Gardens, Kolkata",0,0.0,0.0,0,0.0,Low
Kuldeep Sen,fast_bowler,"Dr DY Patil Sports Academy, Mumbai",0,0.0,0.0,2,10.9,Medium
Kuldeep Sen,fast_bowler,"Eden Gardens, Kolkata",0,0.0,0.0,2,12.5,Medium
Kuldeep Sen,fast_bowler,"MA Chidambaram Stadium, Chennai",0,0.0,0.0,0,4.5,Low
Kuldeep Sen,fast_bowler,"Maharaja Yadavindra Singh International Cricket Stadium, Mullanpur, Chandigarh",0,0.0,0.0,1,8.8,Medium
Kuldeep Sen,fast_bowler,"Maharashtra Cricket Association Stadium, Pune",0,0.0,0.0,4,5.7,High
Kuldeep Sen,fast_bowler,"Sawai Mansingh Stadium, Jaipur",0,0.0,0.0,3,10.5,High
Kuldeep Sen,fast_bowler,"Wankhede Stadium, Mumbai",0,0.0,0.0,2,10.4,Medium
Kuldeep Yadav,spinner,"Arun Jaitley Stadium, Delhi",18,4.5,72.0,15,8.7,High
Kuldeep Yadav,spinner,"Barsapara Cricket Stadium, Guwahati",3,0.0,43.0,1,7.8,Medium
Kuldeep Yadav,spinner,"Bharat Ratna Shri Atal Bihari Vajpayee Ekana Cricket Stadium, Lucknow",6,0.0,60.0,4,7.5,High
Kuldeep Yadav,spinner,"Brabourne Stadium, Mumbai",0,0.0,0.0,10,7.3,High
Kuldeep Yadav,spinner,"Dr DY Patil Sports Academy, Mumbai",7,7.0,37.0,4,8.5,High
Kuldeep Yadav,spinner,"Dr. Y.S. Rajasekhara Reddy ACA-VDCA Cricket Stadium, Visakhapatnam",5,5.0,100.0,5,5.4,High
Kuldeep Yadav,spinner,"Eden Gardens, Kolkata",35,0.0,135.0,0,8.5,Low
Kuldeep Yadav,spinner,"Himachal Pradesh Cricket Association Stadium, Dharamsala",0,0.0,0.0,0,14.5,Low
Kuldeep Yadav,spinner,"M.Chinnaswamy Stadium, Bengaluru",13,13.0,81.0,5,7.9,High
Kuldeep Yadav,spinner,"MA Chidambaram Stadium, Chennai",0,0.0,0.0,2,7.4,Medium
Kuldeep Yadav,spinner,"Maharaja Yadavindra Singh International Cricket Stadium, Mullanpur, Chandigarh",1,0.0,50.0,2,5.2,Medium
Kuldeep Yadav,spinner,"Maharashtra Cricket Association Stadium, Pune",14,0.0,100.0,1,8.0,Medium
Kuldeep Yadav,spinner,"Narendra Modi Stadium, Ahmedabad",4,0.0,200.0,2,5.2,Medium
Kuldeep Yadav,spinner,"Rajiv Gandhi International Stadium, Hyderabad",4,0.0,133.0,1,5.5,Medium
Kuldeep Yadav,spinner,"Sawai Mansingh Stadium, Jaipur",0,0.0,0.0,3,10.0,High
Kuldeep Yadav,spinner,"Wankhede Stadium, Mumbai",34,34.0,126.0,7,8.8,High
Kuldip Yadav,fast_bowler,"Sawai Mansingh Stadium, Jaipur",0,0.0,0.0,2,9.7,Medium
Kumar Kartikeya,spinner,"Barsapara Cricket Stadium, Guwahati",1,0.0,100.0,0,10.0,Low
Kumar Kartikeya,spinner,"Brabourne Stadium, Mumbai",0,0.0,0.0,0,9.7,Low
Kumar Kartikeya,spinner,"Dr DY Patil Sports Academy, Mumbai",3,3.0,60.0,3,7.3,High
Kumar Kartikeya,spinner,"Maharaja Yadavindra Singh International Cricket Stadium, Mullanpur, Chandigarh",0,0.0,0.0,1,10.5,Medium
Kumar Kartikeya,spinner,"Narendra Modi Stadium, Ahmedabad",6,6.0,86.0,1,9.2,Medium
Kumar Kartikeya,spinner,"Punjab Cricket Association IS Bindra Stadium, Mohali",0,0.0,0.0,0,8.3,Low
Kumar Kartikeya,spinner,"Sawai Mansingh Stadium, Jaipur",2,2.0,50.0,1,9.4,Medium
Kumar Kartikeya,spinner,"Wankhede Stadium, Mumbai",0,0.0,0.0,6,8.3,High
Kusal Mendis,wicket_keeper,"Maharaja Yadavindra Singh International Cricket Stadium, Mullanpur, Chandigarh",20,20.0,200.0,0,0.0,Low
Kushagra,wicket_keeper,"Eden Gardens, Kolkata",1,1.0,33.0,0,0.0,Low
Kushagra,wicket_keeper,"M.Chinnaswamy Stadium, Bengaluru",2,2.0,67.0,0,0.0,Low
Kushagra,wicket_keeper,"Wankhede Stadium, Mumbai",0,0.0,0.0,0,0.0,Low
Kwena Maphaka,fast_bowler,"Arun Jaitley Stadium, Delhi",0,0.0,0.0,0,10.5,Low
Kwena Maphaka,fast_bowler,"Rajiv Gandhi International Stadium, Hyderabad",0,0.0,0.0,0,16.8,Low
Kwena Maphaka,fast_bowler,"Sawai Mansingh Stadium, Jaipur",8,0.0,400.0,1,12.0,Medium
Kwena Maphaka,fast_bowler,"Wankhede Stadium, Mumbai",0,0.0,0.0,1,11.5,Medium
Lalit Yadav,spinner,"Arun Jaitley Stadium, Delhi",19,6.333333333,61.0,0,12.1,Low
Lalit Yadav,spinner,"Barsapara Cricket Stadium, Guwahati",38,38.0,158.0,0,0.0,Medium
Lalit Yadav,spinner,"Brabourne Stadium, Mumbai",49,49.0,117.0,3,6.8,High
Lalit Yadav,spinner,"Dr DY Patil Sports Academy, Mumbai",24,24.0,114.0,1,5.8,Medium
Lalit Yadav,spinner,"M.Chinnaswamy Stadium, Bengaluru",4,4.0,57.0,1,7.5,Medium
Lalit Yadav,spinner,"MA Chidambaram Stadium, Chennai",12,12.0,240.0,1,11.7,Medium
Lalit Yadav,spinner,"Maharashtra Cricket Association Stadium, Pune",25,0.0,114.0,0,0.0,Low
Lalit Yadav,spinner,"Wankhede Stadium, Mumbai",66,13.2,102.0,0,11.6,Low
Lewis,opener,"Brabourne Stadium, Mumbai",55,0.0,239.0,0,0.0,Low
Lewis,opener,"Dr DY Patil Sports Academy, Mumbai",6,3.0,33.0,0,0.0,Low
Lewis,opener,"Eden Gardens, Kolkata",2,0.0,33.0,0,0.0,Low
Lewis,opener,"Wankhede Stadium, Mumbai",10,10.0,111.0,0,0.0,Low
Litton Das,wicket_keeper,"Arun Jaitley Stadium, Delhi",4,4.0,100.0,0,0.0,Low
Livingstone,middle_order,"Arun Jaitley Stadium, Delhi",4,4.0,80.0,0,0.0,Low
Livingstone,middle_order,"Bharat Ratna Shri Atal Bihari Vajpayee Ekana Cricket Stadium, Lucknow",28,28.0,156.0,0,0.0,Medium
Livingstone,middle_order,"Brabourne Stadium, Mumbai",196,49.0,188.0,2,9.2,High
Livingstone,middle_order,"Dr DY Patil Sports Academy, Mumbai",112,37.33333333,193.0,4,7.9,High
Livingstone,middle_order,"Eden Gardens, Kolkata",30,30.0,214.0,0,10.2,Medium
Livingstone,middle_order,"Himachal Pradesh Cricket Association Stadium, Dharamsala",9,4.5,60.0,0,9.3,Low
Livingstone,middle_order,"M.Chinnaswamy Stadium, Bengaluru",78,19.5,122.0,0,13.0,Low
Livingstone,middle_order,"MA Chidambaram Stadium, Chennai",50,25.0,152.0,2,8.8,Medium
Livingstone,middle_order,"Maharaja Yadavindra Singh International Cricket Stadium, Mullanpur, Chandigarh",66,33.0,143.0,3,6.4,High
Livingstone,middle_order,"Maharashtra Cricket Association Stadium, Pune",20,10.0,105.0,0,11.3,Low
Livingstone,middle_order,"Narendra Modi Stadium, Ahmedabad",25,25.0,167.0,0,0.0,Low
Livingstone,middle_order,"Punjab Cricket Association IS Bindra Stadium, Mohali",107,53.5,178.0,1,14.0,High
Livingstone,middle_order,"Sawai Mansingh Stadium, Jaipur",0,0.0,0.0,0,8.0,Low
Livingstone,middle_order,"Wankhede Stadium, Mumbai",119,23.8,163.0,1,9.3,Medium
Livingstone,middle_order,"M.Chinnaswamy Stadium, Bengaluru",1,0.0,100.0,0,0.0,Low
Lizard Williams,fast_bowler,"Arun Jaitley Stadium, Delhi",0,0.0,0.0,0,11.3,Low
Lizard Williams,fast_bowler,"Eden Gardens, Kolkata",1,0.0,50.0,1,13.3,Medium
Lomror,middle_order,"Arun Jaitley Stadium, Delhi",54,0.0,186.0,0,13.0,Low
Lomror,middle_order,"Bharat Ratna Shri Atal Bihari Vajpayee Ekana Cricket Stadium, Lucknow",3,3.0,75.0,0,4.0,Low
Lomror,middle_order,"Brabourne Stadium, Mumbai",22,11.0,200.0,0,0.0,Low
Lomror,middle_order,"Eden Gardens, Kolkata",18,9.0,150.0,0,0.0,Low
Lomror,middle_order,"Himachal Pradesh Cricket Association Stadium, Dharamsala",0,0.0,0.0,0,0.0,Low
Lomror,middle_order,"M.Chinnaswamy Stadium, Bengaluru",151,18.875,166.0,0,17.0,Low
Lomror,middle_order,"Maharashtra Cricket Association Stadium, Pune",42,42.0,156.0,0,0.0,High
Lomror,middle_order,"Narendra Modi Stadium, Ahmedabad",40,20.0,148.0,0,0.0,Low
Lomror,middle_order,"Punjab Cricket Association IS Bindra Stadium, Mohali",7,0.0,78.0,0,0.0,Low
Lomror,middle_order,"Rajiv Gandhi International Stadium, Hyderabad",7,7.0,175.0,0,0.0,Low
Lomror,middle_order,"Sawai Mansingh Stadium, Jaipur",1,1.0,50.0,0,0.0,Low
Lomror,middle_order,"Wankhede Stadium, Mumbai",1,0.5,25.0,0,9.0,Low
M Bracewell,spinner,"Eden Gardens, Kolkata",19,19.0,106.0,1,11.3,Medium
M Bracewell,spinner,"M.Chinnaswamy Stadium, Bengaluru",26,26.0,162.0,1,10.7,Medium
M Bracewell,spinner,"Rajiv Gandhi International Stadium, Hyderabad",4,0.0,100.0,2,6.5,Medium
M Bracewell,spinner,"Sawai Mansingh Stadium, Jaipur",9,0.0,100.0,2,5.3,Medium
M Siddharth,spinner,"Bharat Ratna Shri Atal Bihari Vajpayee Ekana Cricket Stadium, Lucknow",0,0.0,0.0,0,8.9,Low
M Siddharth,spinner,"Dr. Y.S. Rajasekhara Reddy ACA-VDCA Cricket Stadium, Visakhapatnam",0,0.0,0.0,2,9.8,Medium
M Siddharth,spinner,"M.Chinnaswamy Stadium, Bengaluru",0,0.0,0.0,1,7.0,Medium
Madhav Tiwari,fast_bowler,"Himachal Pradesh Cricket Association Stadium, Dharamsala",0,0.0,0.0,0,14.0,Low
Madhav Tiwari,fast_bowler,"Wankhede Stadium, Mumbai",3,3.0,75.0,0,0.0,Low
Magala,fast_bowler,"MA Chidambaram Stadium, Chennai",0,0.0,0.0,0,7.0,Low
Magala,fast_bowler,"Wankhede Stadium, Mumbai",0,0.0,0.0,1,9.5,Medium
Maharaj,spinner,"Maharaja Yadavindra Singh International Cricket Stadium, Mullanpur, Chandigarh",1,1.0,50.0,2,5.8,Medium
Maharaj,spinner,"Sawai Mansingh Stadium, Jaipur",0,0.0,0.0,0,8.0,Low
Manav Suthar,spinner,"M.Chinnaswamy Stadium, Bengaluru",1,1.0,50.0,0,13.0,Low
Mandeep,middle_order,"Arun Jaitley Stadium, Delhi",12,12.0,109.0,0,0.0,Low
Mandeep,middle_order,"Brabourne Stadium, Mumbai",0,0.0,0.0,0,0.0,Low
Mandeep,middle_order,"Eden Gardens, Kolkata",0,0.0,0.0,0,0.0,Low
Mandeep,middle_order,"Maharashtra Cricket Association Stadium, Pune",18,18.0,112.0,0,0.0,Low
Mandeep,middle_order,"Punjab Cricket Association IS Bindra Stadium, Mohali",2,2.0,50.0,0,0.0,Low
Manish Pandey,middle_order,"Arun Jaitley Stadium, Delhi",85,17.0,121.0,0,0.0,Low
Manish Pandey,middle_order,"Barsapara Cricket Stadium, Guwahati",0,0.0,0.0,0,0.0,Low
Manish Pandey,middle_order,"Brabourne Stadium, Mumbai",43,21.5,123.0,0,0.0,Low
Manish Pandey,middle_order,"Dr DY Patil Sports Academy, Mumbai",17,8.5,94.0,0,0.0,Low
Manish Pandey,middle_order,"Eden Gardens, Kolkata",36,0.0,129.0,0,0.0,Low
Manish Pandey,middle_order,"M.Chinnaswamy Stadium, Bengaluru",50,50.0,132.0,0,0.0,High
Manish Pandey,middle_order,"MA Chidambaram Stadium, Chennai",27,27.0,93.0,0,0.0,Medium
Manish Pandey,middle_order,"Narendra Modi Stadium, Ahmedabad",1,1.0,25.0,0,0.0,Low
Manish Pandey,middle_order,"Rajiv Gandhi International Stadium, Hyderabad",34,34.0,126.0,0,0.0,Medium
Manish Pandey,middle_order,"Wankhede Stadium, Mumbai",89,22.25,124.0,0,0.0,Low
Marco Jansen,fast_bowler,"Bharat Ratna Shri Atal Bihari Vajpayee Ekana Cricket Stadium, Lucknow",0,0.0,0.0,1,7.0,Medium
Marco Jansen,fast_bowler,"Brabourne Stadium, Mumbai",0,0.0,0.0,4,6.5,High
Marco Jansen,fast_bowler,"Dr DY Patil Sports Academy, Mumbai",0,0.0,0.0,2,7.7,Medium
Marco Jansen,fast_bowler,"Eden Gardens, Kolkata",4,4.0,50.0,2,10.6,Medium
Marco Jansen,fast_bowler,"Himachal Pradesh Cricket Association Stadium, Dharamsala",0,0.0,0.0,1,8.2,Medium
Marco Jansen,fast_bowler,"M.Chinnaswamy Stadium, Bengaluru",0,0.0,0.0,2,3.3,Medium
Marco Jansen,fast_bowler,"MA Chidambaram Stadium, Chennai",21,0.0,88.0,2,10.1,Medium
Marco Jansen,fast_bowler,"Maharaja Yadavindra Singh International Cricket Stadium, Mullanpur, Chandigarh",63,31.5,134.0,4,9.4,High
Marco Jansen,fast_bowler,"Maharashtra Cricket Association Stadium, Pune",1,1.0,50.0,1,8.9,Medium
Marco Jansen,fast_bowler,"Narendra Modi Stadium, Ahmedabad",3,3.0,50.0,2,10.6,Medium
Marco Jansen,fast_bowler,"Rajiv Gandhi International Stadium, Hyderabad",21,10.5,117.0,6,10.7,High
Marco Jansen,fast_bowler,"Sawai Mansingh Stadium, Jaipur",3,3.0,75.0,6,11.1,High
Marco Jansen,fast_bowler,"Wankhede Stadium, Mumbai",25,25.0,147.0,1,16.1,Medium
Mark Wood,fast_bowler,"Bharat Ratna Shri Atal Bihari Vajpayee Ekana Cricket Stadium, Lucknow",0,0.0,0.0,7,6.2,High
Mark Wood,fast_bowler,"M.Chinnaswamy Stadium, Bengaluru",1,1.0,50.0,1,9.2,Medium
Mark Wood,fast_bowler,"MA Chidambaram Stadium, Chennai",10,0.0,333.0,3,13.8,High
Markande,spinner,"Arun Jaitley Stadium, Delhi",0,0.0,0.0,4,7.7,High
Markande,spinner,"Eden Gardens, Kolkata",0,0.0,0.0,4,8.2,High
Markande,spinner,"M.Chinnaswamy Stadium, Bengaluru",0,0.0,0.0,2,11.5,Medium
Markande,spinner,"MA Chidambaram Stadium, Chennai",0,0.0,0.0,2,5.8,Medium
Markande,spinner,"Narendra Modi Stadium, Ahmedabad",18,0.0,200.0,1,10.0,Medium
Markande,spinner,"Rajiv Gandhi International Stadium, Hyderabad",3,0.0,75.0,7,9.5,High
Markande,spinner,"Sawai Mansingh Stadium, Jaipur",0,0.0,0.0,0,12.8,Low
Markande,spinner,"Wankhede Stadium, Mumbai",0,0.0,0.0,1,8.7,Medium
Markram,opener,"Arun Jaitley Stadium, Delhi",9,4.5,56.0,0,0.0,Low
Markram,opener,"Bharat Ratna Shri Atal Bihari Vajpayee Ekana Cricket Stadium, Lucknow",258,36.85714286,156.0,3,8.9,High
Markram,opener,"Brabourne Stadium, Mumbai",110,110.0,180.0,0,11.0,High
Markram,opener,"Dr DY Patil Sports Academy, Mumbai",65,65.0,133.0,1,8.5,High
Markram,opener,"Dr. Y.S. Rajasekhara Reddy ACA-VDCA Cricket Stadium, Visakhapatnam",15,15.0,115.0,0,0.0,Low
Markram,opener,"Eden Gardens, Kolkata",115,38.33333333,172.0,0,0.0,Medium
Markram,opener,"Himachal Pradesh Cricket Association Stadium, Dharamsala",13,13.0,130.0,0,0.0,Low
Markram,opener,"M.Chinnaswamy Stadium, Bengaluru",32,0.0,188.0,0,0.0,Low
Markram,opener,"MA Chidambaram Stadium, Chennai",65,16.25,103.0,0,8.7,Low
Markram,opener,"Maharaja Yadavindra Singh International Cricket Stadium, Mullanpur, Chandigarh",0,0.0,0.0,0,0.0,Low
Markram,opener,"Maharashtra Cricket Association Stadium, Pune",106,53.0,139.0,0,12.0,High
Markram,opener,"Narendra Modi Stadium, Ahmedabad",63,21.0,119.0,0,13.0,Low
Markram,opener,"Rajiv Gandhi International Stadium, Hyderabad",249,31.125,125.0,1,8.0,Medium
Markram,opener,"Sawai Mansingh Stadium, Jaipur",72,36.0,144.0,1,9.0,Medium
Markram,opener,"Wankhede Stadium, Mumbai",122,24.4,115.0,0,6.0,Low
Matt Henry,fast_bowler,"Bharat Ratna Shri Atal Bihari Vajpayee Ekana Cricket Stadium, Lucknow",0,0.0,0.0,0,10.0,Low
Matt Henry,fast_bowler,"MA Chidambaram Stadium, Chennai",0,0.0,0.0,1,7.0,Medium
Matt Henry,fast_bowler,"Wankhede Stadium, Mumbai",0,0.0,0.0,0,12.0,Low
Maxwell,middle_order,"Arun Jaitley Stadium, Delhi",0,0.0,0.0,0,9.0,Low
Maxwell,middle_order,"Bharat Ratna Shri Atal Bihari Vajpayee Ekana Cricket Stadium, Lucknow",4,4.0,80.0,2,6.2,Medium
Maxwell,middle_order,"Brabourne Stadium, Mumbai",80,26.66666667,157.0,1,9.3,Medium
Maxwell,middle_order,"Dr DY Patil Sports Academy, Mumbai",49,24.5,223.0,1,8.0,Medium
Maxwell,middle_order,"Eden Gardens, Kolkata",21,7.0,84.0,0,0.0,Low
Maxwell,middle_order,"M.Chinnaswamy Stadium, Bengaluru",315,28.63636364,186.0,6,8.8,High
Maxwell,middle_order,"MA Chidambaram Stadium, Chennai",0,0.0,0.0,0,7.0,Low
Maxwell,middle_order,"Maharaja Yadavindra Singh International Cricket Stadium, Mullanpur, Chandigarh",38,12.66666667,115.0,2,4.4,Medium
Maxwell,middle_order,"Maharashtra Cricket Association Stadium, Pune",11,11.0,183.0,2,5.2,Medium
Maxwell,middle_order,"Narendra Modi Stadium, Ahmedabad",24,8.0,160.0,2,9.0,Medium
Maxwell,middle_order,"Punjab Cricket Association IS Bindra Stadium, Mohali",0,0.0,0.0,0,5.0,Low
Maxwell,middle_order,"Rajiv Gandhi International Stadium, Hyderabad",8,8.0,80.0,0,13.3,Low
Maxwell,middle_order,"Sawai Mansingh Stadium, Jaipur",55,27.5,153.0,1,3.0,Medium
Maxwell,middle_order,"Wankhede Stadium, Mumbai",196,49.0,173.0,2,8.0,High
Mayank Agarawal,opener,"Arun Jaitley Stadium, Delhi",5,5.0,83.0,0,0.0,Low
Mayank Agarawal,opener,"Bharat Ratna Shri Atal Bihari Vajpayee Ekana Cricket Stadium, Lucknow",60,20.0,136.0,0,0.0,Low
Mayank Agarawal,opener,"Brabourne Stadium, Mumbai",52,13.0,124.0,0,0.0,Low
Mayank Agarawal,opener,"Dr DY Patil Sports Academy, Mumbai",32,16.0,123.0,0,0.0,Low
Mayank Agarawal,opener,"Eden Gardens, Kolkata",41,20.5,121.0,0,0.0,Low
Mayank Agarawal,opener,"MA Chidambaram Stadium, Chennai",2,2.0,50.0,0,0.0,Low
Mayank Agarawal,opener,"Maharaja Yadavindra Singh International Cricket Stadium, Mullanpur, Chandigarh",19,19.0,146.0,0,0.0,Low
Mayank Agarawal,opener,"Maharashtra Cricket Association Stadium, Pune",77,38.5,157.0,0,0.0,Medium
Mayank Agarawal,opener,"Narendra Modi Stadium, Ahmedabad",40,20.0,113.5,0,0.0,Low
Mayank Agarawal,opener,"Rajiv Gandhi International Stadium, Hyderabad",174,29.0,118.0,0,0.0,Medium
Mayank Agarawal,opener,"Wankhede Stadium, Mumbai",123,20.5,129.0,0,0.0,Low
Mayank Dagar,spinner,"M.Chinnaswamy Stadium, Bengaluru",0,0.0,0.0,1,10.5,Medium
Mayank Dagar,spinner,"MA Chidambaram Stadium, Chennai",0,0.0,0.0,0,5.4,Low
Mayank Dagar,spinner,"Rajiv Gandhi International Stadium, Hyderabad",0,0.0,0.0,0,6.2,Low
Mayank Dagar,spinner,"Sawai Mansingh Stadium, Jaipur",0,0.0,0.0,0,17.0,Low
Mayank Dagar,spinner,"Wankhede Stadium, Mumbai",0,0.0,0.0,1,9.2,Medium
Mayank Yadav,fast_bowler,"Bharat Ratna Shri Atal Bihari Vajpayee Ekana Cricket Stadium, Lucknow",0,0.0,0.0,4,8.9,High
Mayank Yadav,fast_bowler,"Himachal Pradesh Cricket Association Stadium, Dharamsala",0,0.0,0.0,0,15.0,Low
Mayank Yadav,fast_bowler,"M.Chinnaswamy Stadium, Bengaluru",0,0.0,0.0,3,3.8,High
Mayank Yadav,fast_bowler,"Wankhede Stadium, Mumbai",0,0.0,0.0,2,9.8,Medium
Mayers,opener,"Bharat Ratna Shri Atal Bihari Vajpayee Ekana Cricket Stadium, Lucknow",153,25.5,135.0,0,6.0,Medium
Mayers,opener,"M.Chinnaswamy Stadium, Bengaluru",0,0.0,0.0,0,0.0,Low
Mayers,opener,"MA Chidambaram Stadium, Chennai",53,53.0,241.0,0,8.0,High
Mayers,opener,"Narendra Modi Stadium, Ahmedabad",48,48.0,150.0,0,16.0,High
Mayers,opener,"Punjab Cricket Association IS Bindra Stadium, Mohali",54,54.0,225.0,0,4.0,High
Mayers,opener,"Rajiv Gandhi International Stadium, Hyderabad",2,2.0,14.0,0,11.0,Low
Mayers,opener,"Sawai Mansingh Stadium, Jaipur",51,51.0,121.0,0,0.0,High
Meredith,fast_bowler,"Arun Jaitley Stadium, Delhi",0,0.0,0.0,2,9.5,Medium
Meredith,fast_bowler,"Brabourne Stadium, Mumbai",0,0.0,0.0,0,8.5,Low
Meredith,fast_bowler,"Dr DY Patil Sports Academy, Mumbai",0,0.0,0.0,3,7.7,High
Meredith,fast_bowler,"Narendra Modi Stadium, Ahmedabad",0,0.0,0.0,1,12.2,Medium
Meredith,fast_bowler,"Rajiv Gandhi International Stadium, Hyderabad",0,0.0,0.0,2,8.5,Medium
Meredith,fast_bowler,"Wankhede Stadium, Mumbai",0,0.0,0.0,7,10.1,High
Miller,finisher,"Arun Jaitley Stadium, Delhi",86,86.0,221.0,0,0.0,High
Miller,finisher,"Bharat Ratna Shri Atal Bihari Vajpayee Ekana Cricket Stadium, Lucknow",73,18.25,104.0,0,0.0,Low
Miller,finisher,"Brabourne Stadium, Mumbai",64,0.0,152.0,0,0.0,Low
Miller,finisher,"Dr DY Patil Sports Academy, Mumbai",81,27.0,129.0,0,0.0,Medium
Miller,finisher,"Dr. Y.S. Rajasekhara Reddy ACA-VDCA Cricket Stadium, Visakhapatnam",27,0.0,142.0,0,0.0,Low
Miller,finisher,"Eden Gardens, Kolkata",104,0.0,173.0,0,0.0,Low
Miller,finisher,"Himachal Pradesh Cricket Association Stadium, Dharamsala",11,11.0,138.0,0,0.0,Low
Miller,finisher,"M.Chinnaswamy Stadium, Bengaluru",36,18.0,133.0,0,0.0,Low
Miller,finisher,"MA Chidambaram Stadium, Chennai",25,12.5,114.0,0,0.0,Low
Miller,finisher,"Maharaja Yadavindra Singh International Cricket Stadium, Mullanpur, Chandigarh",4,4.0,67.0,0,0.0,Low
Miller,finisher,"Maharashtra Cricket Association Stadium, Pune",140,140.0,156.0,0,0.0,High
Miller,finisher,"Narendra Modi Stadium, Ahmedabad",254,42.33333333,151.0,0,0.0,High
Miller,finisher,"Punjab Cricket Association IS Bindra Stadium, Mohali",17,0.0,94.0,0,0.0,Low
Miller,finisher,"Rajiv Gandhi International Stadium, Hyderabad",13,0.0,186.0,0,0.0,Low
Miller,finisher,"Sawai Mansingh Stadium, Jaipur",7,0.0,88.0,0,0.0,Low
Miller,finisher,"Wankhede Stadium, Mumbai",161,32.2,127.0,0,0.0,Medium
Milne,finisher,"Wankhede Stadium, Mumbai",0,0.0,0.0,0,7.6,Low
Mishra,spinner,"Bharat Ratna Shri Atal Bihari Vajpayee Ekana Cricket Stadium, Lucknow",19,19.0,63.0,6,6.7,High
Mishra,spinner,"M.Chinnaswamy Stadium, Bengaluru",0,0.0,0.0,1,9.0,Medium
Mishra,spinner,"Punjab Cricket Association IS Bindra Stadium, Mohali",0,0.0,0.0,0,11.5,Low
Mishra,spinner,"Rajiv Gandhi International Stadium, Hyderabad",0,0.0,0.0,1,10.0,Medium
Mishra,spinner,"Sawai Mansingh Stadium, Jaipur",0,0.0,0.0,0,8.0,Low
Mitchell Marsh,opener,"Arun Jaitley Stadium, Delhi",98,19.6,134.0,7,9.0,High
Mitchell Marsh,opener,"Bharat Ratna Shri Atal Bihari Vajpayee Ekana Cricket Stadium, Lucknow",267,38.14285714,157.0,0,0.0,Medium
Mitchell Marsh,opener,"Brabourne Stadium, Mumbai",10,10.0,143.0,1,9.0,Medium
Mitchell Marsh,opener,"Dr DY Patil Sports Academy, Mumbai",177,59.0,136.0,3,9.8,High
Mitchell Marsh,opener,"Dr. Y.S. Rajasekhara Reddy ACA-VDCA Cricket Stadium, Visakhapatnam",90,30.0,180.0,1,12.8,Medium
Mitchell Marsh,opener,"Eden Gardens, Kolkata",81,81.0,169.0,0,0.0,High
Mitchell Marsh,opener,"Himachal Pradesh Cricket Association Stadium, Dharamsala",0,0.0,0.0,0,0.0,Low
Mitchell Marsh,opener,"M.Chinnaswamy Stadium, Bengaluru",0,0.0,0.0,2,9.5,Medium
Mitchell Marsh,opener,"MA Chidambaram Stadium, Chennai",5,0.0,125.0,3,6.3,High
Mitchell Marsh,opener,"Maharaja Yadavindra Singh International Cricket Stadium, Mullanpur, Chandigarh",20,20.0,167.0,0,13.0,Low
Mitchell Marsh,opener,"Narendra Modi Stadium, Ahmedabad",117,117.0,183.0,0,0.0,High
Mitchell Marsh,opener,"Rajiv Gandhi International Stadium, Hyderabad",77,38.5,167.0,0,8.0,Medium
Mitchell Marsh,opener,"Sawai Mansingh Stadium, Jaipur",27,13.5,150.0,0,0.0,Low
Mitchell Marsh,opener,"Wankhede Stadium, Mumbai",98,24.5,129.0,0,3.5,Low
Mitchell Owen,middle_order,"Sawai Mansingh Stadium, Jaipur",0,0.0,0.0,0,0.0,Low
Mitchell Starc,fast_bowler,"Arun Jaitley Stadium, Delhi",1,1.0,50.0,4,11.3,High
Mitchell Starc,fast_bowler,"Bharat Ratna Shri Atal Bihari Vajpayee Ekana Cricket Stadium, Lucknow",0,0.0,0.0,2,8.6,Medium
Mitchell Starc,fast_bowler,"Dr. Y.S. Rajasekhara Reddy ACA-VDCA Cricket Stadium, Visakhapatnam",3,3.0,70.0,10,9.8,High
Mitchell Starc,fast_bowler,"Eden Gardens, Kolkata",8,0.0,160.0,5,12.7,High
Mitchell Starc,fast_bowler,"Himachal Pradesh Cricket Association Stadium, Dharamsala",0,0.0,0.0,0,11.5,Low
Mitchell Starc,fast_bowler,"M.Chinnaswamy Stadium, Bengaluru",0,0.0,0.0,0,12.5,Low
Mitchell Starc,fast_bowler,"MA Chidambaram Stadium, Chennai",0,0.0,0.0,3,7.5,High
Mitchell Starc,fast_bowler,"Narendra Modi Stadium, Ahmedabad",2,0.0,100.0,0,11.6,Low
Mitchell Starc,fast_bowler,"Rajiv Gandhi International Stadium, Hyderabad",1,0.0,100.0,0,0.0,Low
Mitchell Starc,fast_bowler,"Wankhede Stadium, Mumbai",0,0.0,0.0,4,8.6,High
Moeen Ali,spinner,"Barsapara Cricket Stadium, Guwahati",5,5.0,42.0,2,5.8,Medium
Moeen Ali,spinner,"Bharat Ratna Shri Atal Bihari Vajpayee Ekana Cricket Stadium, Lucknow",30,30.0,150.0,2,3.6,Medium
Moeen Ali,spinner,"Brabourne Stadium, Mumbai",128,42.66666667,158.0,1,7.2,High
Moeen Ali,spinner,"Dr DY Patil Sports Academy, Mumbai",60,20.0,128.0,3,5.2,High
Moeen Ali,spinner,"Eden Gardens, Kolkata",0,0.0,0.0,4,12.6,High
Moeen Ali,spinner,"Himachal Pradesh Cricket Association Stadium, Dharamsala",17,17.0,85.0,0,0.0,Low
Moeen Ali,spinner,"M.Chinnaswamy Stadium, Bengaluru",19,0.0,211.0,1,13.0,Medium
Moeen Ali,spinner,"MA Chidambaram Stadium, Chennai",84,12.0,112.0,6,7.6,High
Moeen Ali,spinner,"Maharashtra Cricket Association Stadium, Pune",35,17.5,117.0,2,7.7,Medium
Moeen Ali,spinner,"Narendra Modi Stadium, Ahmedabad",79,39.5,149.0,0,0.0,Medium
Moeen Ali,spinner,"Rajiv Gandhi International Stadium, Hyderabad",0,0.0,0.0,2,7.7,Medium
Moeen Ali,spinner,"Sawai Mansingh Stadium, Jaipur",23,23.0,192.0,0,8.5,Medium
Moeen Ali,spinner,"Wankhede Stadium, Mumbai",21,10.5,111.0,2,7.3,Medium
Mohit Rathee,middle_order,"Rajiv Gandhi International Stadium, Hyderabad",1,0.0,50.0,0,14.5,Low
Mohit Sharma,fast_bowler,"Arun Jaitley Stadium, Delhi",0,0.0,0.0,0,13.8,Low
Mohit Sharma,fast_bowler,"Bharat Ratna Shri Atal Bihari Vajpayee Ekana Cricket Stadium, Lucknow",0,0.0,0.0,2,8.5,Medium
Mohit Sharma,fast_bowler,"Dr. Y.S. Rajasekhara Reddy ACA-VDCA Cricket Stadium, Visakhapatnam",1,0.0,50.0,1,9.7,Medium
Mohit Sharma,fast_bowler,"Eden Gardens, Kolkata",0,0.0,0.0,0,12.0,Low
Mohit Sharma,fast_bowler,"M.Chinnaswamy Stadium, Bengaluru",0,0.0,0.0,1,12.0,Medium
Mohit Sharma,fast_bowler,"MA Chidambaram Stadium, Chennai",0,0.0,0.0,3,8.5,High
Mohit Sharma,fast_bowler,"Maharaja Yadavindra Singh International Cricket Stadium, Mullanpur, Chandigarh",0,0.0,0.0,2,8.2,Medium
Mohit Sharma,fast_bowler,"Narendra Modi Stadium, Ahmedabad",2,2.0,13.0,29,8.7,High
Mohit Sharma,fast_bowler,"Punjab Cricket Association IS Bindra Stadium, Mohali",0,0.0,0.0,2,4.5,Medium
Mohit Sharma,fast_bowler,"Sawai Mansingh Stadium, Jaipur",0,0.0,0.0,1,11.7,Medium
Mohit Sharma,fast_bowler,"Wankhede Stadium, Mumbai",0,0.0,0.0,1,10.8,Medium
Mohsin Khan,fast_bowler,"Arun Jaitley Stadium, Delhi",0,0.0,0.0,0,7.2,Low
Mohsin Khan,fast_bowler,"Bharat Ratna Shri Atal Bihari Vajpayee Ekana Cricket Stadium, Lucknow",2,0.0,200.0,6,10.1,High
Mohsin Khan,fast_bowler,"Brabourne Stadium, Mumbai",9,0.0,129.0,0,10.8,Low
Mohsin Khan,fast_bowler,"Dr DY Patil Sports Academy, Mumbai",0,0.0,0.0,3,5.0,High
Mohsin Khan,fast_bowler,"Eden Gardens, Kolkata",0,0.0,0.0,3,7.7,High
Mohsin Khan,fast_bowler,"MA Chidambaram Stadium, Chennai",0,0.0,0.0,1,12.5,Medium
Mohsin Khan,fast_bowler,"Maharashtra Cricket Association Stadium, Pune",14,14.0,156.0,5,4.8,High
Mohsin Khan,fast_bowler,"Narendra Modi Stadium, Ahmedabad",0,0.0,0.0,1,14.0,Medium
Mohsin Khan,fast_bowler,"Sawai Mansingh Stadium, Jaipur",0,0.0,0.0,1,11.2,Medium
Mohsin Khan,fast_bowler,"Wankhede Stadium, Mumbai",0,0.0,0.0,6,7.6,High
Mujeeb,spinner,"Narendra Modi Stadium, Ahmedabad",0,0.0,0.0,1,14.0,Medium
Mukesh Choudhary,fast_bowler,"Brabourne Stadium, Mumbai",2,0.0,100.0,1,11.5,Medium
Mukesh Choudhary,fast_bowler,"Dr DY Patil Sports Academy, Mumbai",0,0.0,0.0,7,8.5,High
Mukesh Choudhary,fast_bowler,"MA Chidambaram Stadium, Chennai",0,0.0,0.0,0,12.5,Low
Mukesh Choudhary,fast_bowler,"Maharaja Yadavindra Singh International Cricket Stadium, Mullanpur, Chandigarh",0,0.0,0.0,1,10.5,Medium
Mukesh Choudhary,fast_bowler,"Maharashtra Cricket Association Stadium, Pune",0,0.0,0.0,5,9.4,High
Mukesh Choudhary,fast_bowler,"Rajiv Gandhi International Stadium, Hyderabad",0,0.0,0.0,0,27.0,Low
Mukesh Choudhary,fast_bowler,"Wankhede Stadium, Mumbai",4,0.0,100.0,3,8.0,High
Mukesh Kumar,fast_bowler,"Arun Jaitley Stadium, Delhi",6,0.0,67.0,14,11.4,High
Mukesh Kumar,fast_bowler,"Barsapara Cricket Stadium, Guwahati",1,0.0,100.0,2,9.2,Medium
Mukesh Kumar,fast_bowler,"Bharat Ratna Shri Atal Bihari Vajpayee Ekana Cricket Stadium, Lucknow",0,0.0,0.0,5,9.0,High
Mukesh Kumar,fast_bowler,"Dr. Y.S. Rajasekhara Reddy ACA-VDCA Cricket Stadium, Visakhapatnam",0,0.0,0.0,4,8.6,High
Mukesh Kumar,fast_bowler,"M.Chinnaswamy Stadium, Bengaluru",3,3.0,43.0,2,8.2,Medium
Mukesh Kumar,fast_bowler,"MA Chidambaram Stadium, Chennai",0,0.0,0.0,1,9.5,Medium
Mukesh Kumar,fast_bowler,"Narendra Modi Stadium, Ahmedabad",0,0.0,0.0,4,8.6,High
Mukesh Kumar,fast_bowler,"Rajiv Gandhi International Stadium, Hyderabad",0,0.0,0.0,0,9.0,Low
Mukesh Kumar,fast_bowler,"Sawai Mansingh Stadium, Jaipur",0,0.0,0.0,2,12.2,Medium
Mukesh Kumar,fast_bowler,"Wankhede Stadium, Mumbai",0,0.0,0.0,2,12.0,Medium
Mulder,fast_bowler,"Dr. Y.S. Rajasekhara Reddy ACA-VDCA Cricket Stadium, Visakhapatnam",9,9.0,82.0,0,16.0,Low
Murugan Ashwin,spinner,"Barsapara Cricket Stadium, Guwahati",0,0.0,0.0,0,11.0,Low
Murugan Ashwin,spinner,"Brabourne Stadium, Mumbai",6,6.0,300.0,5,6.3,High
Murugan Ashwin,spinner,"Dr DY Patil Sports Academy, Mumbai",6,6.0,60.0,1,9.6,Medium
Murugan Ashwin,spinner,"Maharashtra Cricket Association Stadium, Pune",0,0.0,0.0,3,9.0,High
Murugan Ashwin,spinner,"Sawai Mansingh Stadium, Jaipur",0,0.0,0.0,0,14.0,Low
Musheer Khan,middle_order,"Maharaja Yadavindra Singh International Cricket Stadium, Mullanpur, Chandigarh",0,0.0,0.0,1,13.5,Medium
Mustafizur,fast_bowler,"Arun Jaitley Stadium, Delhi",1,0.0,100.0,1,8.9,Medium
Mustafizur,fast_bowler,"Bharat Ratna Shri Atal Bihari Vajpayee Ekana Cricket Stadium, Lucknow",0,0.0,0.0,1,10.8,Medium
Mustafizur,fast_bowler,"Brabourne Stadium, Mumbai",0,0.0,0.0,1,6.1,Medium
Mustafizur,fast_bowler,"Dr DY Patil Sports Academy, Mumbai",0,0.0,0.0,0,6.5,Low
Mustafizur,fast_bowler,"Dr. Y.S. Rajasekhara Reddy ACA-VDCA Cricket Stadium, Visakhapatnam",0,0.0,0.0,1,12.5,Medium
Mustafizur,fast_bowler,"M.Chinnaswamy Stadium, Bengaluru",0,0.0,0.0,0,13.7,Low
Mustafizur,fast_bowler,"MA Chidambaram Stadium, Chennai",0,0.0,0.0,11,7.8,High
Mustafizur,fast_bowler,"Maharashtra Cricket Association Stadium, Pune",3,0.0,60.0,3,6.5,High
Mustafizur,fast_bowler,"Sawai Mansingh Stadium, Jaipur",0,0.0,0.0,3,8.2,High
Mustafizur,fast_bowler,"Wankhede Stadium, Mumbai",0,0.0,0.0,6,9.7,High
N Jagadeesan,wicket_keeper,"Brabourne Stadium, Mumbai",1,1.0,25.0,0,0.0,Low
N Jagadeesan,wicket_keeper,"Eden Gardens, Kolkata",56,18.66666667,144.0,0,0.0,Low
N Jagadeesan,wicket_keeper,"M.Chinnaswamy Stadium, Bengaluru",27,27.0,93.0,0,0.0,Medium
N Jagadeesan,wicket_keeper,"Narendra Modi Stadium, Ahmedabad",6,6.0,75.0,0,0.0,Low
N Jagadeesan,wicket_keeper,"Wankhede Stadium, Mumbai",39,39.0,103.0,0,0.0,Medium
N Thushara,fast_bowler,"Arun Jaitley Stadium, Delhi",0,0.0,0.0,0,14.0,Low
N Thushara,fast_bowler,"Bharat Ratna Shri Atal Bihari Vajpayee Ekana Cricket Stadium, Lucknow",0,0.0,0.0,2,7.5,Medium
N Thushara,fast_bowler,"Eden Gardens, Kolkata",0,0.0,0.0,1,10.3,Medium
N Thushara,fast_bowler,"Sawai Mansingh Stadium, Jaipur",0,0.0,0.0,0,9.3,Low
N Thushara,fast_bowler,"Wankhede Stadium, Mumbai",0,0.0,0.0,6,9.4,High
Nabi,spinner,"Arun Jaitley Stadium, Delhi",7,7.0,175.0,1,10.0,Medium
Nabi,spinner,"Bharat Ratna Shri Atal Bihari Vajpayee Ekana Cricket Stadium, Lucknow",1,1.0,50.0,1,12.0,Medium
Nabi,spinner,"Maharaja Yadavindra Singh International Cricket Stadium, Mullanpur, Chandigarh",0,0.0,0.0,0,0.0,Low
Nabi,spinner,"Sawai Mansingh Stadium, Jaipur",23,23.0,135.0,0,10.3,Low
Nabi,spinner,"Wankhede Stadium, Mumbai",4,0.0,57.0,0,7.2,Low
Naman Dhir,middle_order,"Arun Jaitley Stadium, Delhi",38,0.0,224.0,0,0.0,Low
Naman Dhir,middle_order,"Bharat Ratna Shri Atal Bihari Vajpayee Ekana Cricket Stadium, Lucknow",46,46.0,192.0,0,0.0,High
Naman Dhir,middle_order,"Eden Gardens, Kolkata",17,17.0,283.0,0,0.0,Low
Naman Dhir,middle_order,"MA Chidambaram Stadium, Chennai",17,17.0,142.0,0,4.0,Low
Naman Dhir,middle_order,"Maharaja Yadavindra Singh International Cricket Stadium, Mullanpur, Chandigarh",9,9.0,150.0,0,9.0,Low
Naman Dhir,middle_order,"Narendra Modi Stadium, Ahmedabad",75,37.5,192.0,0,13.0,Medium
Naman Dhir,middle_order,"Rajiv Gandhi International Stadium, Hyderabad",30,30.0,214.0,0,0.0,Medium
Naman Dhir,middle_order,"Sawai Mansingh Stadium, Jaipur",20,20.0,167.0,0,0.0,Low
Naman Dhir,middle_order,"Wankhede Stadium, Mumbai",140,23.33333333,161.0,0,11.5,Medium
Nandre Burger,fast_bowler,"MA Chidambaram Stadium, Chennai",0,0.0,0.0,1,7.0,Medium
Nandre Burger,fast_bowler,"Sawai Mansingh Stadium, Jaipur",0,0.0,0.0,4,9.8,High
Nandre Burger,fast_bowler,"Wankhede Stadium, Mumbai",0,0.0,0.0,2,8.2,Medium
Narine,spinner,"Arun Jaitley Stadium, Delhi",62,20.66666667,163.0,5,9.0,High
Narine,spinner,"Bharat Ratna Shri Atal Bihari Vajpayee Ekana Cricket Stadium, Lucknow",81,81.0,208.0,1,5.5,High
Narine,spinner,"Brabourne Stadium, Mumbai",10,5.0,250.0,4,5.8,High
Narine,spinner,"Dr DY Patil Sports Academy, Mumbai",38,12.66666667,181.0,1,5.8,Medium
Narine,spinner,"Dr. Y.S. Rajasekhara Reddy ACA-VDCA Cricket Stadium, Visakhapatnam",85,85.0,218.0,1,7.5,High
Narine,spinner,"Eden Gardens, Kolkata",359,22.4375,160.0,16,7.3,High
Narine,spinner,"M.Chinnaswamy Stadium, Bengaluru",47,47.0,214.0,1,10.2,High
Narine,spinner,"MA Chidambaram Stadium, Chennai",77,25.66666667,192.0,7,4.9,High
Narine,spinner,"Maharaja Yadavindra Singh International Cricket Stadium, Mullanpur, Chandigarh",5,5.0,125.0,2,4.7,Medium
Narine,spinner,"Maharashtra Cricket Association Stadium, Pune",23,23.0,164.0,2,6.8,Medium
Narine,spinner,"Narendra Modi Stadium, Ahmedabad",21,10.5,124.0,4,9.1,High
Narine,spinner,"Punjab Cricket Association IS Bindra Stadium, Mohali",7,0.0,350.0,1,10.0,Medium
Narine,spinner,"Rajiv Gandhi International Stadium, Hyderabad",1,1.0,50.0,0,8.0,Low
Narine,spinner,"Wankhede Stadium, Mumbai",10,3.333333333,77.0,4,6.6,High
Nathan Ellis,fast_bowler,"Arun Jaitley Stadium, Delhi",0,0.0,0.0,2,6.5,Medium
Nathan Ellis,fast_bowler,"Barsapara Cricket Stadium, Guwahati",0,0.0,0.0,5,6.8,High
Nathan Ellis,fast_bowler,"Brabourne Stadium, Mumbai",0,0.0,0.0,0,7.5,Low
Nathan Ellis,fast_bowler,"Eden Gardens, Kolkata",0,0.0,0.0,1,7.5,Medium
Nathan Ellis,fast_bowler,"Himachal Pradesh Cricket Association Stadium, Dharamsala",0,0.0,0.0,1,8.5,Medium
Nathan Ellis,fast_bowler,"MA Chidambaram Stadium, Chennai",0,0.0,0.0,1,9.8,Medium
Nathan Ellis,fast_bowler,"Punjab Cricket Association IS Bindra Stadium, Mohali",1,1.0,50.0,4,9.5,High
Nathan Ellis,fast_bowler,"Rajiv Gandhi International Stadium, Hyderabad",0,0.0,0.0,0,9.3,Low
Nathan Ellis,fast_bowler,"Wankhede Stadium, Mumbai",0,0.0,0.0,4,10.8,High
Navdeep Saini,fast_bowler,"Dr DY Patil Sports Academy, Mumbai",2,2.0,100.0,2,12.0,Medium
Navdeep Saini,fast_bowler,"Himachal Pradesh Cricket Association Stadium, Dharamsala",0,0.0,0.0,3,10.0,High
Navdeep Saini,fast_bowler,"Rajiv Gandhi International Stadium, Hyderabad",0,0.0,0.0,0,17.5,Low
Navdeep Saini,fast_bowler,"Wankhede Stadium, Mumbai",0,0.0,0.0,1,12.3,Medium
Naveen-ul-Haq,fast_bowler,"Arun Jaitley Stadium, Delhi",2,0.0,50.0,2,12.8,Medium
Naveen-ul-Haq,fast_bowler,"Bharat Ratna Shri Atal Bihari Vajpayee Ekana Cricket Stadium, Lucknow",13,13.0,100.0,10,8.5,High
Naveen-ul-Haq,fast_bowler,"Eden Gardens, Kolkata",2,0.0,67.0,0,11.5,Low
Naveen-ul-Haq,fast_bowler,"M.Chinnaswamy Stadium, Bengaluru",0,0.0,0.0,2,7.1,Medium
Naveen-ul-Haq,fast_bowler,"Punjab Cricket Association IS Bindra Stadium, Mohali",0,0.0,0.0,3,7.8,High
Naveen-ul-Haq,fast_bowler,"Rajiv Gandhi International Stadium, Hyderabad",0,0.0,0.0,0,18.5,Low
Naveen-ul-Haq,fast_bowler,"Sawai Mansingh Stadium, Jaipur",0,0.0,0.0,2,7.5,Medium
Naveen-ul-Haq,fast_bowler,"Wankhede Stadium, Mumbai",0,0.0,0.0,2,12.5,Medium
Neesham,fast_bowler,"Brabourne Stadium, Mumbai",14,0.0,117.0,0,0.0,Low
Neesham,fast_bowler,"Dr DY Patil Sports Academy, Mumbai",17,17.0,113.0,0,9.7,Low
Nehal Wadhera,middle_order,"Arun Jaitley Stadium, Delhi",4,4.0,200.0,0,0.0,Low
Nehal Wadhera,middle_order,"Bharat Ratna Shri Atal Bihari Vajpayee Ekana Cricket Stadium, Lucknow",105,52.5,122.0,0,0.0,High
Nehal Wadhera,middle_order,"Eden Gardens, Kolkata",3,3.0,100.0,0,0.0,Low
Nehal Wadhera,middle_order,"Himachal Pradesh Cricket Association Stadium, Dharamsala",16,16.0,178.0,0,0.0,Low
Nehal Wadhera,middle_order,"M.Chinnaswamy Stadium, Bengaluru",54,54.0,169.0,0,0.0,High
Nehal Wadhera,middle_order,"MA Chidambaram Stadium, Chennai",69,34.5,128.0,0,0.0,Medium
Nehal Wadhera,middle_order,"Maharaja Yadavindra Singh International Cricket Stadium, Mullanpur, Chandigarh",94,23.5,129.0,0,10.8,Low
Nehal Wadhera,middle_order,"Narendra Modi Stadium, Ahmedabad",107,26.75,151.0,0,0.0,Medium
Nehal Wadhera,middle_order,"Rajiv Gandhi International Stadium, Hyderabad",27,27.0,123.0,0,0.0,Medium
Nehal Wadhera,middle_order,"Sawai Mansingh Stadium, Jaipur",137,45.66666667,173.0,0,0.0,High
Nehal Wadhera,middle_order,"Wankhede Stadium, Mumbai",80,16.0,133.0,0,6.5,Low
Ngidi,fast_bowler,"Bharat Ratna Shri Atal Bihari Vajpayee Ekana Cricket Stadium, Lucknow",0,0.0,0.0,1,12.8,Medium
Ngidi,fast_bowler,"M.Chinnaswamy Stadium, Bengaluru",0,0.0,0.0,3,7.5,High
Nitish Rana,middle_order,"Arun Jaitley Stadium, Delhi",55,27.5,157.0,2,4.2,Medium
Nitish Rana,middle_order,"Barsapara Cricket Stadium, Guwahati",89,44.5,198.0,0,9.0,High
Nitish Rana,middle_order,"Brabourne Stadium, Mumbai",102,34.0,152.0,0,0.0,Medium
Nitish Rana,middle_order,"Dr DY Patil Sports Academy, Mumbai",97,24.25,162.0,0,9.0,Low
Nitish Rana,middle_order,"Eden Gardens, Kolkata",230,25.55555556,137.0,1,13.0,Medium
Nitish Rana,middle_order,"M.Chinnaswamy Stadium, Bengaluru",76,38.0,177.0,0,8.0,Medium
Nitish Rana,middle_order,"MA Chidambaram Stadium, Chennai",57,0.0,130.0,0,0.0,Low
Nitish Rana,middle_order,"Maharaja Yadavindra Singh International Cricket Stadium, Mullanpur, Chandigarh",12,12.0,171.0,0,0.0,Low
Nitish Rana,middle_order,"Maharashtra Cricket Association Stadium, Pune",36,12.0,106.0,0,0.0,Low
Nitish Rana,middle_order,"Narendra Modi Stadium, Ahmedabad",46,23.0,144.0,0,0.0,Low
Nitish Rana,middle_order,"Punjab Cricket Association IS Bindra Stadium, Mohali",24,24.0,141.0,0,0.0,Low
Nitish Rana,middle_order,"Rajiv Gandhi International Stadium, Hyderabad",53,26.5,136.0,0,9.0,Medium
Nitish Rana,middle_order,"Sawai Mansingh Stadium, Jaipur",25,8.333333333,119.0,0,0.0,Low
Nitish Rana,middle_order,"Wankhede Stadium, Mumbai",131,32.75,131.0,0,14.0,Medium
Nitish Reddy,middle_order,"Arun Jaitley Stadium, Delhi",37,37.0,137.0,2,7.3,Medium
Nitish Reddy,middle_order,"Bharat Ratna Shri Atal Bihari Vajpayee Ekana Cricket Stadium, Lucknow",9,9.0,100.0,2,10.2,Medium
Nitish Reddy,middle_order,"Dr. Y.S. Rajasekhara Reddy ACA-VDCA Cricket Stadium, Visakhapatnam",0,0.0,0.0,0,0.0,Low
Nitish Reddy,middle_order,"Eden Gardens, Kolkata",19,19.0,127.0,0,0.0,Low
Nitish Reddy,middle_order,"MA Chidambaram Stadium, Chennai",52,17.33333333,108.0,0,9.0,Low
Nitish Reddy,middle_order,"Maharaja Yadavindra Singh International Cricket Stadium, Mullanpur, Chandigarh",64,64.0,173.0,1,11.0,High
Nitish Reddy,middle_order,"Narendra Modi Stadium, Ahmedabad",30,30.0,150.0,0,13.0,Medium
Nitish Reddy,middle_order,"Rajiv Gandhi International Stadium, Hyderabad",235,39.16666667,137.0,0,14.2,Medium
Nitish Reddy,middle_order,"Wankhede Stadium, Mumbai",39,19.5,108.0,0,10.2,Low
Noor Ahmad,spinner,"Arun Jaitley Stadium, Delhi",2,0.0,200.0,2,13.0,Medium
Noor Ahmad,spinner,"Barsapara Cricket Stadium, Guwahati",0,0.0,0.0,2,7.0,Medium
Noor Ahmad,spinner,"Bharat Ratna Shri Atal Bihari Vajpayee Ekana Cricket Stadium, Lucknow",4,4.0,200.0,2,4.4,Medium
Noor Ahmad,spinner,"Eden Gardens, Kolkata",2,2.0,100.0,6,6.6,High
Noor Ahmad,spinner,"M.Chinnaswamy Stadium, Bengaluru",0,0.0,0.0,5,7.6,High
Noor Ahmad,spinner,"MA Chidambaram Stadium, Chennai",10,3.333333333,53.0,13,8.5,High
Noor Ahmad,spinner,"Maharaja Yadavindra Singh International Cricket Stadium, Mullanpur, Chandigarh",0,0.0,0.0,3,7.6,High
Noor Ahmad,spinner,"Narendra Modi Stadium, Ahmedabad",1,0.5,12.0,13,8.6,High
Noor Ahmad,spinner,"Sawai Mansingh Stadium, Jaipur",0,0.0,0.0,2,9.7,Medium
Noor Ahmad,spinner,"Wankhede Stadium, Mumbai",1,1.0,33.0,0,10.6,Low
Nortje,fast_bowler,"Arun Jaitley Stadium, Delhi",9,4.5,112.0,6,10.8,High
Nortje,fast_bowler,"Barsapara Cricket Stadium, Guwahati",0,0.0,0.0,0,11.0,Low
Nortje,fast_bowler,"Brabourne Stadium, Mumbai",0,0.0,0.0,1,9.0,Medium
Nortje,fast_bowler,"Dr DY Patil Sports Academy, Mumbai",1,0.0,17.0,6,10.1,High
Nortje,fast_bowler,"Dr. Y.S. Rajasekhara Reddy ACA-VDCA Cricket Stadium, Visakhapatnam",4,4.0,67.0,3,13.0,High
Nortje,fast_bowler,"M.Chinnaswamy Stadium, Bengaluru",23,0.0,164.0,0,8.5,Low
Nortje,fast_bowler,"Maharaja Yadavindra Singh International Cricket Stadium, Mullanpur, Chandigarh",0,0.0,0.0,1,8.0,Medium
Nortje,fast_bowler,"Narendra Modi Stadium, Ahmedabad",3,0.0,50.0,1,9.8,Medium
Nortje,fast_bowler,"Rajiv Gandhi International Stadium, Hyderabad",2,0.0,100.0,2,8.2,Medium
Nortje,fast_bowler,"Sawai Mansingh Stadium, Jaipur",0,0.0,0.0,1,12.5,Medium
Nortje,fast_bowler,"Wankhede Stadium, Mumbai",0,0.0,0.0,4,12.9,High
Obed McCoy,fast_bowler,"Brabourne Stadium, Mumbai",0,0.0,0.0,6,8.3,High
Obed McCoy,fast_bowler,"Eden Gardens, Kolkata",0,0.0,0.0,1,10.0,Medium
Obed McCoy,fast_bowler,"Narendra Modi Stadium, Ahmedabad",8,0.0,160.0,3,6.8,High
Obed McCoy,fast_bowler,"Sawai Mansingh Stadium, Jaipur",0,0.0,0.0,0,13.0,Low
Obed McCoy,fast_bowler,"Wankhede Stadium, Mumbai",0,0.0,0.0,1,18.7,Medium
Odean Smith,fast_bowler,"Brabourne Stadium, Mumbai",3,1.5,38.0,1,9.8,Medium
Odean Smith,fast_bowler,"Dr DY Patil Sports Academy, Mumbai",38,38.0,165.0,0,12.2,Medium
Odean Smith,fast_bowler,"Maharashtra Cricket Association Stadium, Pune",1,0.0,100.0,4,10.0,High
Odean Smith,fast_bowler,"Wankhede Stadium, Mumbai",9,0.0,75.0,1,19.5,Medium
Padikkal,opener,"Arun Jaitley Stadium, Delhi",0,0.0,0.0,0,0.0,Low
Padikkal,opener,"Barsapara Cricket Stadium, Guwahati",21,21.0,81.0,0,0.0,Low
Padikkal,opener,"Bharat Ratna Shri Atal Bihari Vajpayee Ekana Cricket Stadium, Lucknow",19,6.333333333,100.0,0,0.0,Low
Padikkal,opener,"Brabourne Stadium, Mumbai",66,22.0,147.0,0,0.0,Low
Padikkal,opener,"Dr DY Patil Sports Academy, Mumbai",70,17.5,132.0,0,0.0,Low
Padikkal,opener,"Eden Gardens, Kolkata",38,19.0,127.0,0,0.0,Low
Padikkal,opener,"Himachal Pradesh Cricket Association Stadium, Dharamsala",51,51.0,170.0,0,0.0,High
Padikkal,opener,"M.Chinnaswamy Stadium, Bengaluru",130,21.66666667,133.0,0,0.0,Low
Padikkal,opener,"MA Chidambaram Stadium, Chennai",78,26.0,132.0,0,0.0,Medium
Padikkal,opener,"Maharaja Yadavindra Singh International Cricket Stadium, Mullanpur, Chandigarh",61,61.0,174.0,0,0.0,High
Padikkal,opener,"Maharashtra Cricket Association Stadium, Pune",48,24.0,133.0,0,0.0,Low
Padikkal,opener,"Narendra Modi Stadium, Ahmedabad",37,12.33333333,79.0,0,0.0,Low
Padikkal,opener,"Rajiv Gandhi International Stadium, Hyderabad",2,2.0,40.0,0,0.0,Low
Padikkal,opener,"Sawai Mansingh Stadium, Jaipur",109,27.25,135.0,0,0.0,Medium
Padikkal,opener,"Wankhede Stadium, Mumbai",192,24.0,122.0,0,0.0,Medium
Pant,wicket_keeper,"Arun Jaitley Stadium, Delhi",209,52.25,157.0,0,0.0,High
Pant,wicket_keeper,"Bharat Ratna Shri Atal Bihari Vajpayee Ekana Cricket Stadium, Lucknow",254,36.28571429,149.0,0,0.0,Medium
Pant,wicket_keeper,"Brabourne Stadium, Mumbai",54,18.0,169.0,0,0.0,Low
Pant,wicket_keeper,"Dr DY Patil Sports Academy, Mumbai",80,40.0,148.0,0,0.0,High
Pant,wicket_keeper,"Dr. Y.S. Rajasekhara Reddy ACA-VDCA Cricket Stadium, Visakhapatnam",106,35.33333333,168.0,0,0.0,Medium
Pant,wicket_keeper,"Eden Gardens, Kolkata",27,27.0,135.0,0,0.0,Medium
Pant,wicket_keeper,"Himachal Pradesh Cricket Association Stadium, Dharamsala",18,18.0,106.0,0,0.0,Low
Pant,wicket_keeper,"Maharaja Yadavindra Singh International Cricket Stadium, Mullanpur, Chandigarh",18,18.0,138.0,0,0.0,Low
Pant,wicket_keeper,"Maharashtra Cricket Association Stadium, Pune",43,43.0,148.0,0,0.0,High
Pant,wicket_keeper,"Narendra Modi Stadium, Ahmedabad",32,0.0,188.0,0,0.0,Low
Pant,wicket_keeper,"Rajiv Gandhi International Stadium, Hyderabad",15,15.0,100.0,0,0.0,Low
Pant,wicket_keeper,"Sawai Mansingh Stadium, Jaipur",31,15.5,89.0,0,0.0,Low
Pant,wicket_keeper,"Wankhede Stadium, Mumbai",168,24.0,147.0,0,0.0,Medium
Parag,middle_order,"Arun Jaitley Stadium, Delhi",4,4.0,200.0,0,0.0,Low
Parnell,fast_bowler,"M.Chinnaswamy Stadium, Bengaluru",2,2.0,40.0,5,10.5,High
Parnell,fast_bowler,"Punjab Cricket Association IS Bindra Stadium, Mohali",0,0.0,0.0,1,10.7,Medium
Parnell,fast_bowler,"Rajiv Gandhi International Stadium, Hyderabad",0,0.0,0.0,0,8.8,Low
Parnell,fast_bowler,"Sawai Mansingh Stadium, Jaipur",0,0.0,0.0,3,3.7,High
Pathirana,fast_bowler,"Arun Jaitley Stadium, Delhi",0,0.0,0.0,2,7.3,Medium
Pathirana,fast_bowler,"Barsapara Cricket Stadium, Guwahati",0,0.0,0.0,2,7.2,Medium
Pathirana,fast_bowler,"Bharat Ratna Shri Atal Bihari Vajpayee Ekana Cricket Stadium, Lucknow",0,0.0,0.0,5,8.7,High
Pathirana,fast_bowler,"Brabourne Stadium, Mumbai",0,0.0,0.0,0,8.2,Low
Pathirana,fast_bowler,"Dr. Y.S. Rajasekhara Reddy ACA-VDCA Cricket Stadium, Visakhapatnam",0,0.0,0.0,3,7.8,High
Pathirana,fast_bowler,"Eden Gardens, Kolkata",0,0.0,0.0,1,8.4,Medium
Pathirana,fast_bowler,"M.Chinnaswamy Stadium, Bengaluru",0,0.0,0.0,5,9.8,High
Pathirana,fast_bowler,"MA Chidambaram Stadium, Chennai",0,0.0,0.0,20,8.4,High
Pathirana,fast_bowler,"Maharaja Yadavindra Singh International Cricket Stadium, Mullanpur, Chandigarh",0,0.0,0.0,0,13.0,Low
Pathirana,fast_bowler,"Narendra Modi Stadium, Ahmedabad",0,0.0,0.0,3,10.7,High
Pathirana,fast_bowler,"Sawai Mansingh Stadium, Jaipur",0,0.0,0.0,0,12.2,Low
Pathirana,fast_bowler,"Wankhede Stadium, Mumbai",0,0.0,0.0,6,9.7,High
Philip Salt,wicket_keeper,"Arun Jaitley Stadium, Delhi",175,35.0,165.0,0,0.0,Medium
Philip Salt,wicket_keeper,"Bharat Ratna Shri Atal Bihari Vajpayee Ekana Cricket Stadium, Lucknow",124,39.0,204.5,0,0.0,Medium
Philip Salt,wicket_keeper,"Dr. Y.S. Rajasekhara Reddy ACA-VDCA Cricket Stadium, Visakhapatnam",18,18.0,150.0,0,0.0,Low
Philip Salt,wicket_keeper,"Eden Gardens, Kolkata",406,57.1,183.5,0,0.0,High
Philip Salt,wicket_keeper,"M.Chinnaswamy Stadium, Bengaluru",111,25.1,146.0,0,0.0,Medium
Philip Salt,wicket_keeper,"MA Chidambaram Stadium, Chennai",49,20.1,171.0,0,0.0,Low
Philip Salt,wicket_keeper,"Maharaja Yadavindra Singh International Cricket Stadium, Mullanpur, Chandigarh",57,57.0,190.0,0,0.0,High
Philip Salt,wicket_keeper,"Narendra Modi Stadium, Ahmedabad",16,8.0,178.0,0,0.0,Low
Philip Salt,wicket_keeper,"Rajiv Gandhi International Stadium, Hyderabad",0,0.0,0.0,0,0.0,Low
Philip Salt,wicket_keeper,"Sawai Mansingh Stadium, Jaipur",65,65.0,197.0,0,0.0,High
Philip Salt,wicket_keeper,"Wankhede Stadium, Mumbai",9,4.5,183.5,0,0.0,Low
Pollard,finisher,"Brabourne Stadium, Mumbai",32,10.66666667,94.0,1,7.0,Medium
Pollard,finisher,"Dr DY Patil Sports Academy, Mumbai",61,15.25,97.0,1,12.0,Medium
Pollard,finisher,"Maharashtra Cricket Association Stadium, Pune",32,16.0,188.0,0,8.0,Low
Pollard,finisher,"Wankhede Stadium, Mumbai",19,19.0,95.0,2,4.0,Medium
Pooran,middle_order,"Arun Jaitley Stadium, Delhi",61,61.0,226.0,0,0.0,High
Pooran,middle_order,"Bharat Ratna Shri Atal Bihari Vajpayee Ekana Cricket Stadium, Lucknow",409,27.26666667,141.0,0,0.0,Medium
Pooran,middle_order,"Brabourne Stadium, Mumbai",67,67.0,160.0,0,0.0,High
Pooran,middle_order,"Dr DY Patil Sports Academy, Mumbai",108,108.0,146.0,0,0.0,High
Pooran,middle_order,"Dr. Y.S. Rajasekhara Reddy ACA-VDCA Cricket Stadium, Visakhapatnam",75,75.0,250.0,0,0.0,High
Pooran,middle_order,"Eden Gardens, Kolkata",190,95.0,194.0,0,0.0,High
Pooran,middle_order,"Himachal Pradesh Cricket Association Stadium, Dharamsala",6,6.0,120.0,0,0.0,Low
Pooran,middle_order,"M.Chinnaswamy Stadium, Bengaluru",102,102.0,255.0,0,0.0,High
Pooran,middle_order,"MA Chidambaram Stadium, Chennai",66,33.0,200.0,0,0.0,Medium
Pooran,middle_order,"Maharashtra Cricket Association Stadium, Pune",66,33.0,147.0,0,0.0,Medium
Pooran,middle_order,"Narendra Modi Stadium, Ahmedabad",59,59.0,179.0,0,0.0,High
Pooran,middle_order,"Punjab Cricket Association IS Bindra Stadium, Mohali",45,45.0,237.0,0,0.0,High
Pooran,middle_order,"Rajiv Gandhi International Stadium, Hyderabad",162,162.0,249.0,0,0.0,High
Pooran,middle_order,"Sawai Mansingh Stadium, Jaipur",104,104.0,151.0,0,0.0,High
Pooran,middle_order,"Wankhede Stadium, Mumbai",167,27.83333333,176.0,0,0.0,Medium
Powell,middle_order,"Arun Jaitley Stadium, Delhi",22,7.333333333,116.0,0,0.0,Low
Powell,middle_order,"Barsapara Cricket Stadium, Guwahati",6,3.0,86.0,1,9.0,Medium
Powell,middle_order,"Bharat Ratna Shri Atal Bihari Vajpayee Ekana Cricket Stadium, Lucknow",1,1.0,33.0,0,0.0,Low
Powell,middle_order,"Brabourne Stadium, Mumbai",75,37.5,174.0,0,17.0,Medium
Powell,middle_order,"Dr DY Patil Sports Academy, Mumbai",8,2.666666667,32.0,0,0.0,Low
Powell,middle_order,"Eden Gardens, Kolkata",26,26.0,200.0,0,0.0,Medium
Powell,middle_order,"MA Chidambaram Stadium, Chennai",6,6.0,50.0,0,0.0,Low
Powell,middle_order,"Maharaja Yadavindra Singh International Cricket Stadium, Mullanpur, Chandigarh",11,11.0,220.0,0,0.0,Low
Powell,middle_order,"Maharashtra Cricket Association Stadium, Pune",20,20.0,167.0,0,0.0,Low
Powell,middle_order,"Narendra Modi Stadium, Ahmedabad",16,0.0,200.0,0,0.0,Low
Powell,middle_order,"Rajiv Gandhi International Stadium, Hyderabad",27,27.0,180.0,0,0.0,Medium
Powell,middle_order,"Wankhede Stadium, Mumbai",147,36.75,169.0,0,0.0,Medium
Prabhsimran,opener,"Arun Jaitley Stadium, Delhi",103,103.0,158.0,0,0.0,High
Prabhsimran,opener,"Barsapara Cricket Stadium, Guwahati",66,33.0,174.0,0,0.0,Medium
Prabhsimran,opener,"Bharat Ratna Shri Atal Bihari Vajpayee Ekana Cricket Stadium, Lucknow",92,30.66666667,204.0,0,0.0,Medium
Prabhsimran,opener,"Dr DY Patil Sports Academy, Mumbai",14,14.0,127.0,0,0.0,Low
Prabhsimran,opener,"Eden Gardens, Kolkata",149,74.5,194.0,0,0.0,High
Prabhsimran,opener,"Himachal Pradesh Cricket Association Stadium, Dharamsala",179,44.75,170.0,0,0.0,High
Prabhsimran,opener,"M.Chinnaswamy Stadium, Bengaluru",38,19.0,146.0,0,0.0,Low
Prabhsimran,opener,"MA Chidambaram Stadium, Chennai",109,36.33333333,156.0,0,0.0,Medium
Prabhsimran,opener,"Maharaja Yadavindra Singh International Cricket Stadium, Mullanpur, Chandigarh",173,17.3,145.0,0,0.0,Low
Prabhsimran,opener,"Narendra Modi Stadium, Ahmedabad",72,18.0,114.0,0,0.0,Low
Prabhsimran,opener,"Punjab Cricket Association IS Bindra Stadium, Mohali",87,17.4,136.0,0,0.0,Low
Prabhsimran,opener,"Rajiv Gandhi International Stadium, Hyderabad",113,37.66666667,164.0,0,0.0,Medium
Prabhsimran,opener,"Sawai Mansingh Stadium, Jaipur",62,20.66666667,141.0,0,0.0,Low
Prabhsimran,opener,"Wankhede Stadium, Mumbai",26,26.0,153.0,0,0.0,Low
Prabhudessai,middle_order,"Bharat Ratna Shri Atal Bihari Vajpayee Ekana Cricket Stadium, Lucknow",6,6.0,86.0,0,0.0,Low
Prabhudessai,middle_order,"Brabourne Stadium, Mumbai",15,15.0,75.0,0,0.0,Low
Prabhudessai,middle_order,"Dr DY Patil Sports Academy, Mumbai",44,22.0,163.0,0,0.0,Low
Prabhudessai,middle_order,"Eden Gardens, Kolkata",24,24.0,133.0,0,0.0,Low
Prabhudessai,middle_order,"M.Chinnaswamy Stadium, Bengaluru",29,14.5,132.0,0,0.0,Low
Prabhudessai,middle_order,"Maharashtra Cricket Association Stadium, Pune",2,2.0,29.0,0,0.0,Low
Prabhudessai,middle_order,"Wankhede Stadium, Mumbai",6,6.0,120.0,0,0.0,Low
Prasidh,fast_bowler,"Arun Jaitley Stadium, Delhi",0,0.0,0.0,1,10.2,Medium
Prasidh,fast_bowler,"Bharat Ratna Shri Atal Bihari Vajpayee Ekana Cricket Stadium, Lucknow",0,0.0,0.0,2,6.5,Medium
Prasidh,fast_bowler,"Brabourne Stadium, Mumbai",0,0.0,0.0,3,9.0,High
Prasidh,fast_bowler,"Dr DY Patil Sports Academy, Mumbai",4,0.0,57.0,2,8.1,Medium
Prasidh,fast_bowler,"Eden Gardens, Kolkata",0,0.0,0.0,2,8.8,Medium
Prasidh,fast_bowler,"M.Chinnaswamy Stadium, Bengaluru",0,0.0,0.0,1,6.8,Medium
Prasidh,fast_bowler,"Maharaja Yadavindra Singh International Cricket Stadium, Mullanpur, Chandigarh",0,0.0,0.0,2,14.8,Medium
Prasidh,fast_bowler,"Maharashtra Cricket Association Stadium, Pune",2,2.0,40.0,4,4.9,High
Prasidh,fast_bowler,"Narendra Modi Stadium, Ahmedabad",0,0.0,0.0,17,8.2,High
Prasidh,fast_bowler,"Rajiv Gandhi International Stadium, Hyderabad",0,0.0,0.0,2,6.5,Medium
Prasidh,fast_bowler,"Sawai Mansingh Stadium, Jaipur",0,0.0,0.0,1,11.8,Medium
Prasidh,fast_bowler,"Wankhede Stadium, Mumbai",0,0.0,0.0,7,9.3,High
Praveen Dubey,spinner,"Arun Jaitley Stadium, Delhi",16,16.0,80.0,1,6.3,Medium
Praveen Dubey,spinner,"Sawai Mansingh Stadium, Jaipur",0,0.0,0.0,1,10.5,Medium
Prerak Mankad,opener,"Bharat Ratna Shri Atal Bihari Vajpayee Ekana Cricket Stadium, Lucknow",0,0.0,0.0,0,0.0,Low
Prerak Mankad,opener,"Eden Gardens, Kolkata",26,26.0,130.0,0,0.0,Low
Prerak Mankad,opener,"Rajiv Gandhi International Stadium, Hyderabad",64,0.0,142.0,0,0.0,Low
Prerak Mankad,opener,"Wankhede Stadium, Mumbai",4,0.0,400.0,0,0.0,Low
Pretorius,fast_bowler,"Brabourne Stadium, Mumbai",8,4.0,160.0,4,7.9,High
Pretorius,fast_bowler,"Dr DY Patil Sports Academy, Mumbai",22,22.0,157.0,0,8.5,Low
Pretorius,fast_bowler,"Maharashtra Cricket Association Stadium, Pune",13,13.0,162.0,2,11.9,Medium
Pretorius,fast_bowler,"Wankhede Stadium, Mumbai",1,0.0,100.0,0,9.9,Low
Prince Yadav,fast_bowler,"Bharat Ratna Shri Atal Bihari Vajpayee Ekana Cricket Stadium, Lucknow",0,0.0,0.0,0,8.1,Low
Prince Yadav,fast_bowler,"Dr. Y.S. Rajasekhara Reddy ACA-VDCA Cricket Stadium, Visakhapatnam",0,0.0,0.0,0,11.8,Low
Prince Yadav,fast_bowler,"Himachal Pradesh Cricket Association Stadium, Dharamsala",1,0.0,100.0,1,10.8,Medium
Prince Yadav,fast_bowler,"Rajiv Gandhi International Stadium, Hyderabad",0,0.0,0.0,1,7.0,Medium
Prince Yadav,fast_bowler,"Sawai Mansingh Stadium, Jaipur",0,0.0,0.0,0,10.0,Low
Prince Yadav,fast_bowler,"Wankhede Stadium, Mumbai",4,0.0,44.0,1,11.0,Medium
Prithvi Shaw,opener,"Arun Jaitley Stadium, Delhi",67,11.16666667,149.0,0,0.0,Low
Prithvi Shaw,opener,"Barsapara Cricket Stadium, Guwahati",0,0.0,0.0,0,0.0,Low
Prithvi Shaw,opener,"Bharat Ratna Shri Atal Bihari Vajpayee Ekana Cricket Stadium, Lucknow",44,22.0,142.0,0,0.0,Low
Prithvi Shaw,opener,"Brabourne Stadium, Mumbai",130,43.33333333,178.0,0,0.0,High
Prithvi Shaw,opener,"Dr DY Patil Sports Academy, Mumbai",61,61.0,179.0,0,0.0,High
Prithvi Shaw,opener,"Dr. Y.S. Rajasekhara Reddy ACA-VDCA Cricket Stadium, Visakhapatnam",53,26.5,156.0,0,0.0,Medium
Prithvi Shaw,opener,"Eden Gardens, Kolkata",13,13.0,186.0,0,0.0,Low
Prithvi Shaw,opener,"M.Chinnaswamy Stadium, Bengaluru",0,0.0,0.0,0,0.0,Low
Prithvi Shaw,opener,"Maharashtra Cricket Association Stadium, Pune",10,10.0,143.0,0,0.0,Low
Prithvi Shaw,opener,"Narendra Modi Stadium, Ahmedabad",7,7.0,117.0,0,0.0,Low
Prithvi Shaw,opener,"Wankhede Stadium, Mumbai",148,24.66666667,133.0,0,0.0,Medium
Priyam Garg,middle_order,"Arun Jaitley Stadium, Delhi",12,12.0,133.0,0,0.0,Low
Priyam Garg,middle_order,"Narendra Modi Stadium, Ahmedabad",10,10.0,71.0,0,0.0,Low
Priyam Garg,middle_order,"Wankhede Stadium, Mumbai",46,23.0,139.0,0,0.0,Low
Priyansh Arya,opener,"Bharat Ratna Shri Atal Bihari Vajpayee Ekana Cricket Stadium, Lucknow",8,8.0,89.0,0,0.0,Low
Priyansh Arya,opener,"Eden Gardens, Kolkata",69,69.0,197.0,0,0.0,High
Priyansh Arya,opener,"Himachal Pradesh Cricket Association Stadium, Dharamsala",71,35.5,187.0,0,0.0,Medium
Priyansh Arya,opener,"M.Chinnaswamy Stadium, Bengaluru",16,16.0,145.0,0,0.0,Low
Priyansh Arya,opener,"MA Chidambaram Stadium, Chennai",23,23.0,153.0,0,0.0,Low
Priyansh Arya,opener,"Maharaja Yadavindra Singh International Cricket Stadium, Mullanpur, Chandigarh",154,30.8,205.0,0,0.0,Medium
Priyansh Arya,opener,"Narendra Modi Stadium, Ahmedabad",91,30.33333333,175.0,0,0.0,Medium
Priyansh Arya,opener,"Rajiv Gandhi International Stadium, Hyderabad",36,36.0,277.0,0,0.0,Medium
Priyansh Arya,opener,"Sawai Mansingh Stadium, Jaipur",77,25.66666667,151.0,0,0.0,Medium
Rabada,fast_bowler,"Arun Jaitley Stadium, Delhi",0,0.0,0.0,0,17.0,Low
Rabada,fast_bowler,"Bharat Ratna Shri Atal Bihari Vajpayee Ekana Cricket Stadium, Lucknow",0,0.0,0.0,3,9.1,High
Rabada,fast_bowler,"Brabourne Stadium, Mumbai",15,15.0,75.0,6,8.6,High
Rabada,fast_bowler,"Dr DY Patil Sports Academy, Mumbai",6,6.0,300.0,6,8.3,High
Rabada,fast_bowler,"Eden Gardens, Kolkata",0,0.0,0.0,0,17.0,Low
Rabada,fast_bowler,"Himachal Pradesh Cricket Association Stadium, Dharamsala",11,0.0,110.0,2,9.1,Medium
Rabada,fast_bowler,"M.Chinnaswamy Stadium, Bengaluru",0,0.0,0.0,2,7.0,Medium
Rabada,fast_bowler,"MA Chidambaram Stadium, Chennai",0,0.0,0.0,1,7.4,Medium
Rabada,fast_bowler,"Maharaja Yadavindra Singh International Cricket Stadium, Mullanpur, Chandigarh",9,9.0,225.0,5,8.8,High
Rabada,fast_bowler,"Maharashtra Cricket Association Stadium, Pune",2,2.0,40.0,6,8.4,High
Rabada,fast_bowler,"Narendra Modi Stadium, Ahmedabad",9,9.0,112.0,4,10.8,High
Rabada,fast_bowler,"Punjab Cricket Association IS Bindra Stadium, Mohali",0,0.0,0.0,3,12.2,High
Rabada,fast_bowler,"Wankhede Stadium, Mumbai",25,25.0,156.0,5,9.1,High
Raghav Goyal,spinner,"MA Chidambaram Stadium, Chennai",0,0.0,0.0,0,8.5,Low
Rahane,opener,"Arun Jaitley Stadium, Delhi",41,20.5,186.0,0,0.0,Low
Rahane,opener,"Barsapara Cricket Stadium, Guwahati",18,18.0,120.0,0,0.0,Low
Rahane,opener,"Bharat Ratna Shri Atal Bihari Vajpayee Ekana Cricket Stadium, Lucknow",36,36.0,150.0,0,0.0,Medium
Rahane,opener,"Brabourne Stadium, Mumbai",8,8.0,57.0,0,0.0,Low
Rahane,opener,"Dr DY Patil Sports Academy, Mumbai",34,17.0,100.0,0,0.0,Low
Rahane,opener,"Dr. Y.S. Rajasekhara Reddy ACA-VDCA Cricket Stadium, Visakhapatnam",45,45.0,150.0,0,0.0,High
Rahane,opener,"Eden Gardens, Kolkata",354,59.0,165.0,0,0.0,High
Rahane,opener,"Himachal Pradesh Cricket Association Stadium, Dharamsala",9,9.0,129.0,0,0.0,Low
Rahane,opener,"M.Chinnaswamy Stadium, Bengaluru",70,35.0,167.0,0,0.0,Medium
Rahane,opener,"MA Chidambaram Stadium, Chennai",213,19.36363636,122.0,0,0.0,Low
Rahane,opener,"Maharaja Yadavindra Singh International Cricket Stadium, Mullanpur, Chandigarh",17,17.0,100.0,0,0.0,Low
Rahane,opener,"Maharashtra Cricket Association Stadium, Pune",35,17.5,100.0,0,0.0,Low
Rahane,opener,"Narendra Modi Stadium, Ahmedabad",28,14.0,156.0,0,0.0,Low
Rahane,opener,"Rajiv Gandhi International Stadium, Hyderabad",35,35.0,117.0,0,0.0,Medium
Rahane,opener,"Sawai Mansingh Stadium, Jaipur",15,15.0,115.0,0,0.0,Low
Rahane,opener,"Wankhede Stadium, Mumbai",133,26.6,153.0,0,0.0,Medium
Rahul,wicket_keeper,"Arun Jaitley Stadium, Delhi",225,56.25,141.0,0,0.0,High
Rahul,wicket_keeper,"Bharat Ratna Shri Atal Bihari Vajpayee Ekana Cricket Stadium, Lucknow",540,49.09090909,131.0,0,0.0,High
Rahul,wicket_keeper,"Brabourne Stadium, Mumbai",153,76.5,146.0,0,0.0,High
Rahul,wicket_keeper,"Dr DY Patil Sports Academy, Mumbai",190,95.0,127.0,0,0.0,High
Rahul,wicket_keeper,"Dr. Y.S. Rajasekhara Reddy ACA-VDCA Cricket Stadium, Visakhapatnam",15,15.0,300.0,0,0.0,Low
Rahul,wicket_keeper,"Eden Gardens, Kolkata",118,59.0,139.0,0,0.0,High
Rahul,wicket_keeper,"M.Chinnaswamy Stadium, Bengaluru",131,65.5,151.0,0,0.0,High
Rahul,wicket_keeper,"MA Chidambaram Stadium, Chennai",113,37.66666667,136.0,0,0.0,Medium
Rahul,wicket_keeper,"Maharashtra Cricket Association Stadium, Pune",14,7.0,52.0,0,0.0,Low
Rahul,wicket_keeper,"Narendra Modi Stadium, Ahmedabad",28,28.0,200.0,0,0.0,Medium
Rahul,wicket_keeper,"Punjab Cricket Association IS Bindra Stadium, Mohali",12,12.0,133.0,0,0.0,Low
Rahul,wicket_keeper,"Rajiv Gandhi International Stadium, Hyderabad",39,19.5,83.0,0,0.0,Low
Rahul,wicket_keeper,"Sawai Mansingh Stadium, Jaipur",132,44.0,136.0,0,0.0,High
Rahul,wicket_keeper,"Wankhede Stadium, Mumbai",246,49.2,152.0,0,0.0,High
Rahul Chahar,spinner,"Arun Jaitley Stadium, Delhi",0,0.0,0.0,2,4.2,Medium
Rahul Chahar,spinner,"Barsapara Cricket Stadium, Guwahati",0,0.0,0.0,2,7.1,Medium
Rahul Chahar,spinner,"Bharat Ratna Shri Atal Bihari Vajpayee Ekana Cricket Stadium, Lucknow",0,0.0,0.0,1,11.7,Medium
Rahul Chahar,spinner,"Brabourne Stadium, Mumbai",48,16.0,133.0,7,8.6,High
Rahul Chahar,spinner,"Dr DY Patil Sports Academy, Mumbai",25,25.0,96.0,3,6.2,High
Rahul Chahar,spinner,"Eden Gardens, Kolkata",0,0.0,0.0,3,7.1,High
Rahul Chahar,spinner,"Himachal Pradesh Cricket Association Stadium, Dharamsala",21,21.0,140.0,4,9.2,High
Rahul Chahar,spinner,"M.Chinnaswamy Stadium, Bengaluru",0,0.0,0.0,0,16.0,Low
Rahul Chahar,spinner,"MA Chidambaram Stadium, Chennai",0,0.0,0.0,3,6.4,High
Rahul Chahar,spinner,"Maharaja Yadavindra Singh International Cricket Stadium, Mullanpur, Chandigarh",0,0.0,0.0,1,8.2,Medium
Rahul Chahar,spinner,"Maharashtra Cricket Association Stadium, Pune",4,4.0,100.0,2,9.2,Medium
Rahul Chahar,spinner,"Punjab Cricket Association IS Bindra Stadium, Mohali",0,0.0,0.0,1,7.6,Medium
Rahul Chahar,spinner,"Rajiv Gandhi International Stadium, Hyderabad",0,0.0,0.0,1,10.1,Medium
Rahul Chahar,spinner,"Wankhede Stadium, Mumbai",0,0.0,0.0,2,8.6,Medium
Rahul Tewatia,finisher,"Arun Jaitley Stadium, Delhi",4,4.0,80.0,0,0.0,Low
Rahul Tewatia,finisher,"Bharat Ratna Shri Atal Bihari Vajpayee Ekana Cricket Stadium, Lucknow",32,16.0,114.0,0,8.0,Low
Rahul Tewatia,finisher,"Brabourne Stadium, Mumbai",59,59.0,184.0,0,17.5,High
Rahul Tewatia,finisher,"Dr DY Patil Sports Academy, Mumbai",34,11.33333333,117.0,0,9.5,Low
Rahul Tewatia,finisher,"Eden Gardens, Kolkata",0,0.0,0.0,0,0.0,Low
Rahul Tewatia,finisher,"M.Chinnaswamy Stadium, Bengaluru",39,39.0,150.0,0,0.0,Medium
Rahul Tewatia,finisher,"MA Chidambaram Stadium, Chennai",9,4.5,56.0,0,0.0,Low
Rahul Tewatia,finisher,"Maharaja Yadavindra Singh International Cricket Stadium, Mullanpur, Chandigarh",36,0.0,200.0,0,0.0,Low
Rahul Tewatia,finisher,"Maharaja Yadavindra Singh International Cricket Stadium, Mullanpur, Chandigarh",16,0.0,145.0,0,0.0,Low
Rahul Tewatia,finisher,"Maharashtra Cricket Association Stadium, Pune",42,21.0,111.0,0,11.0,Low
Rahul Tewatia,finisher,"Narendra Modi Stadium, Ahmedabad",177,25.28571429,175.0,0,6.0,Medium
Rahul Tewatia,finisher,"Punjab Cricket Association IS Bindra Stadium, Mohali",5,0.0,250.0,0,0.0,Low
Rahul Tewatia,finisher,"Sawai Mansingh Stadium, Jaipur",31,15.5,207.0,0,0.0,Low
Rahul Tewatia,finisher,"Wankhede Stadium, Mumbai",107,53.5,155.0,0,0.0,High
Raj Bawa,fast_bowler,"Dr DY Patil Sports Academy, Mumbai",0,0.0,0.0,0,0.0,Low
Raj Bawa,fast_bowler,"Narendra Modi Stadium, Ahmedabad",8,0.0,200.0,0,0.0,Low
Raj Bawa,fast_bowler,"Wankhede Stadium, Mumbai",11,11.0,85.0,0,0.0,Low
Rajapaksa,wicket_keeper,"Barsapara Cricket Stadium, Guwahati",1,0.0,100.0,0,0.0,Low
Rajapaksa,wicket_keeper,"Brabourne Stadium, Mumbai",10,5.0,125.0,0,0.0,Low
Rajapaksa,wicket_keeper,"Dr DY Patil Sports Academy, Mumbai",87,29.0,158.0,0,0.0,Medium
Rajapaksa,wicket_keeper,"Eden Gardens, Kolkata",0,0.0,0.0,0,0.0,Low
Rajapaksa,wicket_keeper,"Maharashtra Cricket Association Stadium, Pune",9,9.0,129.0,0,0.0,Low
Rajapaksa,wicket_keeper,"Punjab Cricket Association IS Bindra Stadium, Mohali",70,35.0,121.0,0,0.0,Medium
Rajapaksa,wicket_keeper,"Wankhede Stadium, Mumbai",100,33.33333333,169.0,0,0.0,Medium
Rajat Patidar,middle_order,"Arun Jaitley Stadium, Delhi",6,0.0,100.0,0,0.0,Low
Rajat Patidar,middle_order,"Bharat Ratna Shri Atal Bihari Vajpayee Ekana Cricket Stadium, Lucknow",32,16.0,139.0,0,0.0,Low
Rajat Patidar,middle_order,"Brabourne Stadium, Mumbai",78,39.0,147.0,0,0.0,Medium
Rajat Patidar,middle_order,"Eden Gardens, Kolkata",198,99.0,213.0,0,0.0,High
Rajat Patidar,middle_order,"Himachal Pradesh Cricket Association Stadium, Dharamsala",55,55.0,239.0,0,0.0,High
Rajat Patidar,middle_order,"M.Chinnaswamy Stadium, Bengaluru",226,18.83333333,128.0,0,0.0,Low
Rajat Patidar,middle_order,"MA Chidambaram Stadium, Chennai",51,25.5,146.0,0,0.0,Medium
Rajat Patidar,middle_order,"Maharaja Yadavindra Singh International Cricket Stadium, Mullanpur, Chandigarh",27,27.0,129.0,0,0.0,Medium
Rajat Patidar,middle_order,"Maharashtra Cricket Association Stadium, Pune",37,18.5,119.0,0,0.0,Low
Rajat Patidar,middle_order,"Narendra Modi Stadium, Ahmedabad",118,39.33333333,148.0,0,0.0,Medium
Rajat Patidar,middle_order,"Rajiv Gandhi International Stadium, Hyderabad",50,50.0,250.0,0,0.0,High
Rajat Patidar,middle_order,"Wankhede Stadium, Mumbai",162,54.0,169.0,0,0.0,High
Ramandeep Singh,finisher,"Arun Jaitley Stadium, Delhi",13,13.0,260.0,0,0.0,Low
Ramandeep Singh,finisher,"Bharat Ratna Shri Atal Bihari Vajpayee Ekana Cricket Stadium, Lucknow",25,0.0,417.0,0,0.0,Low
Ramandeep Singh,finisher,"Dr DY Patil Sports Academy, Mumbai",12,12.0,75.0,0,0.0,Low
Ramandeep Singh,finisher,"Dr. Y.S. Rajasekhara Reddy ACA-VDCA Cricket Stadium, Visakhapatnam",2,2.0,100.0,0,0.0,Low
Ramandeep Singh,finisher,"Eden Gardens, Kolkata",95,31.66666667,173.0,0,13.5,Medium
Ramandeep Singh,finisher,"MA Chidambaram Stadium, Chennai",13,13.0,108.0,0,0.0,Low
Ramandeep Singh,finisher,"Maharaja Yadavindra Singh International Cricket Stadium, Mullanpur, Chandigarh",0,0.0,0.0,0,0.0,Low
Ramandeep Singh,finisher,"Maharashtra Cricket Association Stadium, Pune",6,6.0,50.0,0,0.0,Low
Ramandeep Singh,finisher,"Wankhede Stadium, Mumbai",51,25.5,182.0,6,9.2,High
Rashid Khan,spinner,"Arun Jaitley Stadium, Delhi",21,0.0,191.0,3,8.2,High
Rashid Khan,spinner,"Bharat Ratna Shri Atal Bihari Vajpayee Ekana Cricket Stadium, Lucknow",4,4.0,80.0,3,8.0,High
Rashid Khan,spinner,"Brabourne Stadium, Mumbai",1,0.0,100.0,6,6.2,High
Rashid Khan,spinner,"Dr DY Patil Sports Academy, Mumbai",0,0.0,0.0,3,6.1,High
Rashid Khan,spinner,"Eden Gardens, Kolkata",0,0.0,0.0,2,7.9,Medium
Rashid Khan,spinner,"M.Chinnaswamy Stadium, Bengaluru",18,18.0,129.0,1,10.7,Medium
Rashid Khan,spinner,"MA Chidambaram Stadium, Chennai",31,15.5,172.0,3,10.8,High
Rashid Khan,spinner,"Maharaja Yadavindra Singh International Cricket Stadium, Mullanpur, Chandigarh",3,3.0,100.0,1,3.8,Medium
Rashid Khan,spinner,"Maharaja Yadavindra Singh International Cricket Stadium, Mullanpur, Chandigarh",0,0.0,0.0,0,8.0,Low
Rashid Khan,spinner,"Maharashtra Cricket Association Stadium, Pune",40,40.0,182.0,5,7.0,High
Rashid Khan,spinner,"Narendra Modi Stadium, Ahmedabad",90,11.25,150.0,23,9.4,High
Rashid Khan,spinner,"Punjab Cricket Association IS Bindra Stadium, Mohali",0,0.0,0.0,1,6.8,Medium
Rashid Khan,spinner,"Rajiv Gandhi International Stadium, Hyderabad",0,0.0,0.0,0,7.8,Low
Rashid Khan,spinner,"Sawai Mansingh Stadium, Jaipur",24,0.0,218.0,5,4.8,High
Rashid Khan,spinner,"Wankhede Stadium, Mumbai",131,131.0,252.0,9,8.1,High
Rasikh Salam,fast_bowler,"Arun Jaitley Stadium, Delhi",9,9.0,300.0,7,10.3,High
Rasikh Salam,fast_bowler,"Brabourne Stadium, Mumbai",7,7.0,117.0,0,10.0,Low
Rasikh Salam,fast_bowler,"Dr. Y.S. Rajasekhara Reddy ACA-VDCA Cricket Stadium, Visakhapatnam",1,1.0,20.0,0,14.6,Low
Rasikh Salam,fast_bowler,"Eden Gardens, Kolkata",8,8.0,80.0,1,12.0,Medium
Rasikh Salam,fast_bowler,"M.Chinnaswamy Stadium, Bengaluru",10,10.0,83.0,2,9.7,Medium
Rasikh Salam,fast_bowler,"Maharashtra Cricket Association Stadium, Pune",0,0.0,0.0,0,6.0,Low
Ravi Bishnoi,spinner,"Arun Jaitley Stadium, Delhi",2,0.0,100.0,1,6.5,Medium
Ravi Bishnoi,spinner,"Bharat Ratna Shri Atal Bihari Vajpayee Ekana Cricket Stadium, Lucknow",10,3.333333333,62.0,19,8.6,High
Ravi Bishnoi,spinner,"Brabourne Stadium, Mumbai",0,0.0,0.0,5,7.8,High
Ravi Bishnoi,spinner,"Dr DY Patil Sports Academy, Mumbai",0,0.0,0.0,3,8.4,High
Ravi Bishnoi,spinner,"Dr. Y.S. Rajasekhara Reddy ACA-VDCA Cricket Stadium, Visakhapatnam",0,0.0,0.0,2,13.2,Medium
Ravi Bishnoi,spinner,"Eden Gardens, Kolkata",2,2.0,100.0,4,9.1,High
Ravi Bishnoi,spinner,"M.Chinnaswamy Stadium, Bengaluru",3,0.0,150.0,0,10.3,Low
Ravi Bishnoi,spinner,"MA Chidambaram Stadium, Chennai",0,0.0,0.0,3,7.8,High
Ravi Bishnoi,spinner,"Maharashtra Cricket Association Stadium, Pune",0,0.0,0.0,2,10.1,Medium
Ravi Bishnoi,spinner,"Narendra Modi Stadium, Ahmedabad",4,0.0,80.0,0,10.5,Low
Ravi Bishnoi,spinner,"Punjab Cricket Association IS Bindra Stadium, Mohali",0,0.0,0.0,2,10.5,Medium
Ravi Bishnoi,spinner,"Rajiv Gandhi International Stadium, Hyderabad",0,0.0,0.0,1,12.4,Medium
Ravi Bishnoi,spinner,"Sawai Mansingh Stadium, Jaipur",0,0.0,0.0,1,7.6,Medium
Ravi Bishnoi,spinner,"Wankhede Stadium, Mumbai",13,13.0,93.0,5,8.6,High
Ravindra,opener,"Barsapara Cricket Stadium, Guwahati",0,0.0,0.0,0,0.0,Low
Ravindra,opener,"Bharat Ratna Shri Atal Bihari Vajpayee Ekana Cricket Stadium, Lucknow",37,18.5,161.0,0,0.0,Low
Ravindra,opener,"Dr. Y.S. Rajasekhara Reddy ACA-VDCA Cricket Stadium, Visakhapatnam",2,2.0,17.0,0,0.0,Low
Ravindra,opener,"M.Chinnaswamy Stadium, Bengaluru",61,61.0,165.0,0,0.0,High
Ravindra,opener,"MA Chidambaram Stadium, Chennai",238,34.0,157.0,0,4.0,Medium
Ravindra,opener,"Maharaja Yadavindra Singh International Cricket Stadium, Mullanpur, Chandigarh",36,36.0,157.0,0,0.0,Medium
Ravindra,opener,"Narendra Modi Stadium, Ahmedabad",1,0.0,50.0,0,0.0,Low
Ravindra,opener,"Rajiv Gandhi International Stadium, Hyderabad",12,12.0,133.0,0,3.0,Low
Ravindra,opener,"Wankhede Stadium, Mumbai",26,13.0,104.0,0,0.0,Low
Rayudu,middle_order,"Brabourne Stadium, Mumbai",42,14.0,89.0,0,0.0,Low
Rayudu,middle_order,"Dr DY Patil Sports Academy, Mumbai",72,24.0,106.0,0,0.0,Low
Rayudu,middle_order,"M.Chinnaswamy Stadium, Bengaluru",14,14.0,233.0,0,0.0,Low
Rayudu,middle_order,"MA Chidambaram Stadium, Chennai",93,15.5,135.0,0,0.0,Low
Rayudu,middle_order,"Maharashtra Cricket Association Stadium, Pune",56,28.0,144.0,0,0.0,Medium
Rayudu,middle_order,"Narendra Modi Stadium, Ahmedabad",31,15.5,155.0,0,0.0,Low
Rayudu,middle_order,"Sawai Mansingh Stadium, Jaipur",0,0.0,0.0,0,0.0,Low
Rayudu,middle_order,"Wankhede Stadium, Mumbai",123,61.5,143.0,0,0.0,High
Raza,spinner,"Arun Jaitley Stadium, Delhi",11,0.0,157.0,0,3.0,Low
Raza,spinner,"Barsapara Cricket Stadium, Guwahati",1,1.0,50.0,0,12.0,Low
Raza,spinner,"Bharat Ratna Shri Atal Bihari Vajpayee Ekana Cricket Stadium, Lucknow",57,57.0,139.0,1,11.5,High
Raza,spinner,"MA Chidambaram Stadium, Chennai",13,0.0,186.0,1,10.3,Medium
Raza,spinner,"Maharaja Yadavindra Singh International Cricket Stadium, Mullanpur, Chandigarh",28,28.0,127.0,0,0.0,Medium
Raza,spinner,"Narendra Modi Stadium, Ahmedabad",15,15.0,94.0,0,11.0,Low
Raza,spinner,"Punjab Cricket Association IS Bindra Stadium, Mohali",52,26.0,149.0,1,10.8,Medium
Raza,spinner,"Rajiv Gandhi International Stadium, Hyderabad",5,5.0,83.0,0,0.0,Low
Richard Gleeson,fast_bowler,"Himachal Pradesh Cricket Association Stadium, Dharamsala",2,0.0,100.0,0,10.2,Low
Richard Gleeson,fast_bowler,"MA Chidambaram Stadium, Chennai",0,0.0,0.0,1,8.1,Medium
Richard Gleeson,fast_bowler,"Maharaja Yadavindra Singh International Cricket Stadium, Mullanpur, Chandigarh",0,0.0,0.0,1,11.1,Medium
Rickelton,wicket_keeper,"Arun Jaitley Stadium, Delhi",41,41.0,164.0,0,0.0,High
Rickelton,wicket_keeper,"Bharat Ratna Shri Atal Bihari Vajpayee Ekana Cricket Stadium, Lucknow",10,10.0,200.0,0,0.0,Low
Rickelton,wicket_keeper,"MA Chidambaram Stadium, Chennai",13,13.0,186.0,0,0.0,Low
Rickelton,wicket_keeper,"Narendra Modi Stadium, Ahmedabad",6,6.0,67.0,0,0.0,Low
Rickelton,wicket_keeper,"Rajiv Gandhi International Stadium, Hyderabad",11,11.0,138.0,0,0.0,Low
Rickelton,wicket_keeper,"Sawai Mansingh Stadium, Jaipur",88,44.0,152.0,0,0.0,High
Rickelton,wicket_keeper,"Wankhede Stadium, Mumbai",219,36.5,151.0,0,0.0,Medium
Rinku Singh,finisher,"Arun Jaitley Stadium, Delhi",51,17.0,131.0,0,0.0,Low
Rinku Singh,finisher,"Bharat Ratna Shri Atal Bihari Vajpayee Ekana Cricket Stadium, Lucknow",16,16.0,145.0,0,0.0,Low
Rinku Singh,finisher,"Dr DY Patil Sports Academy, Mumbai",98,49.0,158.0,0,0.0,High
Rinku Singh,finisher,"Dr. Y.S. Rajasekhara Reddy ACA-VDCA Cricket Stadium, Visakhapatnam",26,26.0,325.0,0,0.0,Medium
Rinku Singh,finisher,"Eden Gardens, Kolkata",510,46.36363636,163.0,0,0.0,High
Rinku Singh,finisher,"M.Chinnaswamy Stadium, Bengaluru",23,0.0,153.0,0,0.0,Low
Rinku Singh,finisher,"MA Chidambaram Stadium, Chennai",78,39.0,113.0,0,0.0,Medium
Rinku Singh,finisher,"Maharaja Yadavindra Singh International Cricket Stadium, Mullanpur, Chandigarh",2,2.0,22.0,0,0.0,Low
Rinku Singh,finisher,"Maharashtra Cricket Association Stadium, Pune",11,5.5,69.0,0,0.0,Low
Rinku Singh,finisher,"Narendra Modi Stadium, Ahmedabad",48,0.0,229.0,0,0.0,Low
Rinku Singh,finisher,"Punjab Cricket Association IS Bindra Stadium, Mohali",4,4.0,100.0,0,0.0,Low
Rinku Singh,finisher,"Rajiv Gandhi International Stadium, Hyderabad",46,46.0,131.0,0,0.0,High
Rinku Singh,finisher,"Wankhede Stadium, Mumbai",109,27.25,138.0,0,0.0,Medium
Ripal Patel,middle_order,"Arun Jaitley Stadium, Delhi",11,0.0,138.0,0,0.0,Low
Ripal Patel,middle_order,"Dr DY Patil Sports Academy, Mumbai",6,6.0,200.0,0,0.0,Low
Ripal Patel,middle_order,"MA Chidambaram Stadium, Chennai",10,10.0,62.0,0,0.0,Low
Ripal Patel,middle_order,"Narendra Modi Stadium, Ahmedabad",23,23.0,177.0,0,0.0,Low
Ripal Patel,middle_order,"Rajiv Gandhi International Stadium, Hyderabad",5,0.0,83.0,0,0.0,Low
Rishi Dhawan,fast_bowler,"Arun Jaitley Stadium, Delhi",0,0.0,0.0,0,10.0,Low
Rishi Dhawan,fast_bowler,"Brabourne Stadium, Mumbai",7,7.0,233.0,2,9.0,Medium
Rishi Dhawan,fast_bowler,"Dr DY Patil Sports Academy, Mumbai",4,4.0,31.0,1,7.2,Medium
Rishi Dhawan,fast_bowler,"Eden Gardens, Kolkata",19,19.0,173.0,0,7.5,Low
Rishi Dhawan,fast_bowler,"Maharashtra Cricket Association Stadium, Pune",21,0.0,95.0,0,8.5,Low
Rishi Dhawan,fast_bowler,"Punjab Cricket Association IS Bindra Stadium, Mohali",1,0.0,100.0,1,9.8,Medium
Rishi Dhawan,fast_bowler,"Rajiv Gandhi International Stadium, Hyderabad",0,0.0,0.0,0,13.0,Low
Rishi Dhawan,fast_bowler,"Wankhede Stadium, Mumbai",5,0.0,250.0,3,9.7,High
Riyan Parag,middle_order,"Arun Jaitley Stadium, Delhi",38,12.66666667,103.0,0,9.8,Low
Riyan Parag,middle_order,"Barsapara Cricket Stadium, Guwahati",137,27.4,137.0,0,6.5,Medium
Riyan Parag,middle_order,"Bharat Ratna Shri Atal Bihari Vajpayee Ekana Cricket Stadium, Lucknow",14,14.0,127.0,0,0.0,Low
Riyan Parag,middle_order,"Brabourne Stadium, Mumbai",34,17.0,117.0,0,0.0,Low
Riyan Parag,middle_order,"Dr DY Patil Sports Academy, Mumbai",35,8.75,125.0,1,11.5,Medium
Riyan Parag,middle_order,"Eden Gardens, Kolkata",133,66.5,215.0,1,7.0,High
Riyan Parag,middle_order,"Himachal Pradesh Cricket Association Stadium, Dharamsala",20,20.0,167.0,0,0.0,Low
Riyan Parag,middle_order,"M.Chinnaswamy Stadium, Bengaluru",22,22.0,220.0,0,10.0,Low
Riyan Parag,middle_order,"MA Chidambaram Stadium, Chennai",53,53.0,118.0,0,0.0,High
Riyan Parag,middle_order,"Maharaja Yadavindra Singh International Cricket Stadium, Mullanpur, Chandigarh",66,66.0,153.0,0,0.0,High
Riyan Parag,middle_order,"Maharashtra Cricket Association Stadium, Pune",68,68.0,170.0,0,14.0,High
Riyan Parag,middle_order,"Narendra Modi Stadium, Ahmedabad",82,20.5,132.0,0,0.0,Low
Riyan Parag,middle_order,"Rajiv Gandhi International Stadium, Hyderabad",88,29.33333333,154.0,0,0.0,Medium
Riyan Parag,middle_order,"Sawai Mansingh Stadium, Jaipur",356,44.5,158.0,2,8.9,High
Riyan Parag,middle_order,"Wankhede Stadium, Mumbai",81,40.5,145.0,0,22.0,High
Robin Minz,wicket_keeper,"MA Chidambaram Stadium, Chennai",3,3.0,33.0,0,0.0,Low
Robin Minz,wicket_keeper,"Narendra Modi Stadium, Ahmedabad",3,3.0,50.0,0,0.0,Low
Rohit,opener,"Arun Jaitley Stadium, Delhi",91,30.33333333,140.0,0,0.0,Medium
Rohit,opener,"Bharat Ratna Shri Atal Bihari Vajpayee Ekana Cricket Stadium, Lucknow",41,20.5,137.0,0,0.0,Low
Rohit,opener,"Brabourne Stadium, Mumbai",90,30.0,134.0,0,0.0,Medium
Rohit,opener,"Dr DY Patil Sports Academy, Mumbai",14,3.5,78.0,0,0.0,Low
Rohit,opener,"Eden Gardens, Kolkata",19,19.0,79.0,0,0.0,Low
Rohit,opener,"M.Chinnaswamy Stadium, Bengaluru",1,1.0,10.0,0,0.0,Low
Rohit,opener,"MA Chidambaram Stadium, Chennai",0,0.0,0.0,0,0.0,Low
Rohit,opener,"Maharaja Yadavindra Singh International Cricket Stadium, Mullanpur, Chandigarh",36,36.0,144.0,0,0.0,Medium
Rohit,opener,"Maharaja Yadavindra Singh International Cricket Stadium, Mullanpur, Chandigarh",81,81.0,162.0,0,0.0,High
Rohit,opener,"Maharashtra Cricket Association Stadium, Pune",57,19.0,130.0,0,0.0,Low
Rohit,opener,"Narendra Modi Stadium, Ahmedabad",69,13.8,125.0,0,0.0,Low
Rohit,opener,"Punjab Cricket Association IS Bindra Stadium, Mohali",0,0.0,0.0,0,0.0,Low
Rohit,opener,"Rajiv Gandhi International Stadium, Hyderabad",124,41.33333333,163.0,0,0.0,High
Rohit,opener,"Sawai Mansingh Stadium, Jaipur",83,27.66666667,134.0,0,0.0,Medium
Rohit,opener,"Wankhede Stadium, Mumbai",718,31.2173913,148.0,0,0.0,Medium
Root,opener,"Eden Gardens, Kolkata",0,0.0,0.0,0,7.5,Low
Root,opener,"Sawai Mansingh Stadium, Jaipur",10,10.0,67.0,0,0.0,Low
Rossouw,opener,"Arun Jaitley Stadium, Delhi",40,13.33333333,138.0,0,0.0,Low
Rossouw,opener,"Barsapara Cricket Stadium, Guwahati",36,18.0,144.0,0,0.0,Low
Rossouw,opener,"Bharat Ratna Shri Atal Bihari Vajpayee Ekana Cricket Stadium, Lucknow",30,30.0,150.0,0,0.0,Medium
Rossouw,opener,"Eden Gardens, Kolkata",26,26.0,162.0,0,0.0,Medium
Rossouw,opener,"Himachal Pradesh Cricket Association Stadium, Dharamsala",61,30.5,203.0,0,0.0,Medium
Rossouw,opener,"MA Chidambaram Stadium, Chennai",78,39.0,130.0,0,0.0,Medium
Rossouw,opener,"Maharaja Yadavindra Singh International Cricket Stadium, Mullanpur, Chandigarh",10,5.0,100.0,0,0.0,Low
Rossouw,opener,"Narendra Modi Stadium, Ahmedabad",8,8.0,133.0,0,0.0,Low
Rossouw,opener,"Rajiv Gandhi International Stadium, Hyderabad",49,49.0,204.0,0,0.0,High
Roy,opener,"Arun Jaitley Stadium, Delhi",43,43.0,110.0,0,0.0,Medium
Roy,opener,"Eden Gardens, Kolkata",154,38.5,179.0,0,0.0,Medium
Roy,opener,"M.Chinnaswamy Stadium, Bengaluru",56,56.0,193.0,0,0.0,High
Roy,opener,"MA Chidambaram Stadium, Chennai",12,12.0,80.0,0,0.0,Low
Roy,opener,"Rajiv Gandhi International Stadium, Hyderabad",20,20.0,105.0,0,0.0,Low
RS Hangargekar,fast_bowler,"MA Chidambaram Stadium, Chennai",0,0.0,0.0,0,12.0,Low
RS Hangargekar,fast_bowler,"Narendra Modi Stadium, Ahmedabad",0,0.0,0.0,3,9.0,High
Russell,finisher,"Arun Jaitley Stadium, Delhi",55,55.0,134.0,1,13.8,High
Russell,finisher,"Bharat Ratna Shri Atal Bihari Vajpayee Ekana Cricket Stadium, Lucknow",12,12.0,150.0,2,8.5,Medium
Russell,finisher,"Brabourne Stadium, Mumbai",73,36.5,155.0,4,11.5,High
Russell,finisher,"Dr DY Patil Sports Academy, Mumbai",87,21.75,147.0,6,12.2,High
Russell,finisher,"Dr. Y.S. Rajasekhara Reddy ACA-VDCA Cricket Stadium, Visakhapatnam",41,41.0,216.0,1,10.5,High
Russell,finisher,"Eden Gardens, Kolkata",385,25.66666667,171.0,17,12.1,High
Russell,finisher,"M.Chinnaswamy Stadium, Bengaluru",1,1.0,50.0,4,7.4,High
Russell,finisher,"MA Chidambaram Stadium, Chennai",12,12.0,100.0,3,7.7,High
Russell,finisher,"Maharaja Yadavindra Singh International Cricket Stadium, Mullanpur, Chandigarh",17,17.0,155.0,0,0.0,Low
Russell,finisher,"Maharashtra Cricket Association Stadium, Pune",105,52.5,202.0,5,6.6,High
Russell,finisher,"Narendra Modi Stadium, Ahmedabad",1,1.0,50.0,1,10.0,Medium
Russell,finisher,"Punjab Cricket Association IS Bindra Stadium, Mohali",35,35.0,184.0,0,0.0,Medium
Russell,finisher,"Rajiv Gandhi International Stadium, Hyderabad",24,24.0,160.0,1,15.0,Medium
Russell,finisher,"Wankhede Stadium, Mumbai",103,51.5,178.0,6,10.3,High
Rutherford,middle_order,"Bharat Ratna Shri Atal Bihari Vajpayee Ekana Cricket Stadium, Lucknow",22,22.0,116.0,0,0.0,Low
Rutherford,middle_order,"Dr DY Patil Sports Academy, Mumbai",28,28.0,70.0,0,0.0,Medium
Rutherford,middle_order,"M.Chinnaswamy Stadium, Bengaluru",30,0.0,167.0,0,0.0,Low
Rutherford,middle_order,"Maharaja Yadavindra Singh International Cricket Stadium, Mullanpur, Chandigarh",24,24.0,160.0,0,0.0,Low
Rutherford,middle_order,"Narendra Modi Stadium, Ahmedabad",152,25.33333333,149.0,0,0.0,Medium
Rutherford,middle_order,"Rajiv Gandhi International Stadium, Hyderabad",35,0.0,219.0,0,0.0,Low
Rutherford,middle_order,"Wankhede Stadium, Mumbai",33,16.5,132.0,0,0.0,Low
S Kaul,fast_bowler,"Wankhede Stadium, Mumbai",0,0.0,0.0,0,10.8,Low
Saha,wicket_keeper,"Arun Jaitley Stadium, Delhi",53,26.5,166.0,0,0.0,Medium
Saha,wicket_keeper,"Bharat Ratna Shri Atal Bihari Vajpayee Ekana Cricket Stadium, Lucknow",47,47.0,127.0,0,0.0,High
Saha,wicket_keeper,"Eden Gardens, Kolkata",10,10.0,100.0,0,0.0,Low
Saha,wicket_keeper,"M.Chinnaswamy Stadium, Bengaluru",13,6.5,62.0,0,0.0,Low
Saha,wicket_keeper,"MA Chidambaram Stadium, Chennai",33,16.5,118.0,0,0.0,Low
Saha,wicket_keeper,"Maharaja Yadavindra Singh International Cricket Stadium, Mullanpur, Chandigarh",13,13.0,118.0,0,0.0,Low
Saha,wicket_keeper,"Narendra Modi Stadium, Ahmedabad",265,18.92857143,129.0,0,0.0,Low
Saha,wicket_keeper,"Punjab Cricket Association IS Bindra Stadium, Mohali",30,30.0,158.0,0,0.0,Medium
Saha,wicket_keeper,"Sawai Mansingh Stadium, Jaipur",41,0.0,121.0,0,0.0,Low
Saha,wicket_keeper,"Wankhede Stadium, Mumbai",2,2.0,40.0,0,0.0,Low
Sai Kishore,spinner,"Arun Jaitley Stadium, Delhi",13,13.0,217.0,1,13.8,Medium
Sai Kishore,spinner,"Bharat Ratna Shri Atal Bihari Vajpayee Ekana Cricket Stadium, Lucknow",0,0.0,0.0,0,23.3,Low
Sai Kishore,spinner,"Eden Gardens, Kolkata",0,0.0,0.0,2,8.9,Medium
Sai Kishore,spinner,"M.Chinnaswamy Stadium, Bengaluru",0,0.0,0.0,2,5.5,Medium
Sai Kishore,spinner,"MA Chidambaram Stadium, Chennai",0,0.0,0.0,1,9.3,Medium
Sai Kishore,spinner,"Maharaja Yadavindra Singh International Cricket Stadium, Mullanpur, Chandigarh",0,0.0,0.0,4,8.2,High
Sai Kishore,spinner,"Maharaja Yadavindra Singh International Cricket Stadium, Mullanpur, Chandigarh",0,0.0,0.0,2,10.5,Medium
Sai Kishore,spinner,"Maharashtra Cricket Association Stadium, Pune",0,0.0,0.0,2,3.5,Medium
Sai Kishore,spinner,"Narendra Modi Stadium, Ahmedabad",5,2.5,50.0,13,8.8,High
Sai Kishore,spinner,"Rajiv Gandhi International Stadium, Hyderabad",0,0.0,0.0,2,6.2,Medium
Sai Kishore,spinner,"Sawai Mansingh Stadium, Jaipur",0,0.0,0.0,0,16.0,Low
Sai Kishore,spinner,"Wankhede Stadium, Mumbai",0,0.0,0.0,3,7.2,High
Sai Sudharsan,opener,"Arun Jaitley Stadium, Delhi",235,235.0,159.0,0,0.0,High
Sai Sudharsan,opener,"Bharat Ratna Shri Atal Bihari Vajpayee Ekana Cricket Stadium, Lucknow",87,43.5,145.0,0,0.0,High
Sai Sudharsan,opener,"Brabourne Stadium, Mumbai",69,23.0,125.0,0,0.0,Low
Sai Sudharsan,opener,"Dr DY Patil Sports Academy, Mumbai",76,76.0,129.0,0,0.0,High
Sai Sudharsan,opener,"Eden Gardens, Kolkata",52,52.0,144.0,0,0.0,High
Sai Sudharsan,opener,"M.Chinnaswamy Stadium, Bengaluru",55,27.5,110.0,0,0.0,Medium
Sai Sudharsan,opener,"MA Chidambaram Stadium, Chennai",37,37.0,119.0,0,0.0,Medium
Sai Sudharsan,opener,"Maharaja Yadavindra Singh International Cricket Stadium, Mullanpur, Chandigarh",31,31.0,91.0,0,0.0,Medium
Sai Sudharsan,opener,"Maharaja Yadavindra Singh International Cricket Stadium, Mullanpur, Chandigarh",80,80.0,163.0,0,0.0,High
Sai Sudharsan,opener,"Narendra Modi Stadium, Ahmedabad",968,60.5,158.0,0,0.0,High
Sai Sudharsan,opener,"Punjab Cricket Association IS Bindra Stadium, Mohali",19,19.0,95.0,0,0.0,Low
Sai Sudharsan,opener,"Rajiv Gandhi International Stadium, Hyderabad",5,5.0,56.0,0,0.0,Low
Sai Sudharsan,opener,"Sawai Mansingh Stadium, Jaipur",74,37.0,125.0,0,0.0,Medium
Sai Sudharsan,opener,"Wankhede Stadium, Mumbai",5,5.0,100.0,0,0.0,Low
Sakariya,fast_bowler,"Arun Jaitley Stadium, Delhi",0,0.0,0.0,1,9.0,Medium
Sakariya,fast_bowler,"Bharat Ratna Shri Atal Bihari Vajpayee Ekana Cricket Stadium, Lucknow",4,4.0,100.0,2,13.2,Medium
Sakariya,fast_bowler,"Eden Gardens, Kolkata",0,0.0,0.0,0,13.0,Low
Sam Curran,fast_bowler,"Arun Jaitley Stadium, Delhi",20,20.0,83.0,0,9.0,Low
Sam Curran,fast_bowler,"Barsapara Cricket Stadium, Guwahati",64,0.0,149.0,2,9.9,Medium
Sam Curran,fast_bowler,"Bharat Ratna Shri Atal Bihari Vajpayee Ekana Cricket Stadium, Lucknow",6,3.0,86.0,6,7.4,High
Sam Curran,fast_bowler,"Eden Gardens, Kolkata",4,4.0,44.0,1,14.9,Medium
Sam Curran,fast_bowler,"Himachal Pradesh Cricket Association Stadium, Dharamsala",78,39.0,134.0,3,11.7,High
Sam Curran,fast_bowler,"M.Chinnaswamy Stadium, Bengaluru",28,14.0,127.0,2,10.7,Medium
Sam Curran,fast_bowler,"MA Chidambaram Stadium, Chennai",164,32.8,138.0,1,11.8,Medium
Sam Curran,fast_bowler,"Maharaja Yadavindra Singh International Cricket Stadium, Mullanpur, Chandigarh",124,24.8,118.0,7,9.1,High
Sam Curran,fast_bowler,"Narendra Modi Stadium, Ahmedabad",5,5.0,62.0,0,9.5,Low
Sam Curran,fast_bowler,"Punjab Cricket Association IS Bindra Stadium, Mohali",79,26.33333333,127.0,3,10.5,High
Sam Curran,fast_bowler,"Rajiv Gandhi International Stadium, Hyderabad",22,22.0,147.0,0,4.7,Low
Sam Curran,fast_bowler,"Wankhede Stadium, Mumbai",55,55.0,190.0,0,13.7,High
Sameer Rizvi,middle_order,"Bharat Ratna Shri Atal Bihari Vajpayee Ekana Cricket Stadium, Lucknow",1,1.0,20.0,0,0.0,Low
Sameer Rizvi,middle_order,"Dr. Y.S. Rajasekhara Reddy ACA-VDCA Cricket Stadium, Visakhapatnam",4,2.0,80.0,0,0.0,Low
Sameer Rizvi,middle_order,"MA Chidambaram Stadium, Chennai",70,23.33333333,135.0,0,0.0,Low
Sameer Rizvi,middle_order,"Sawai Mansingh Stadium, Jaipur",58,0.0,232.0,0,0.0,Low
Sameer Rizvi,middle_order,"Wankhede Stadium, Mumbai",39,39.0,111.0,0,0.0,Medium
Samson,wicket_keeper,"Arun Jaitley Stadium, Delhi",158,52.66666667,165.0,0,0.0,High
Samson,wicket_keeper,"Barsapara Cricket Stadium, Guwahati",93,18.6,131.0,0,0.0,Low
Samson,wicket_keeper,"Bharat Ratna Shri Atal Bihari Vajpayee Ekana Cricket Stadium, Lucknow",71,0.0,215.0,0,0.0,Low
Samson,wicket_keeper,"Brabourne Stadium, Mumbai",85,28.33333333,135.0,0,0.0,Medium
Samson,wicket_keeper,"Dr DY Patil Sports Academy, Mumbai",63,15.75,147.0,0,0.0,Low
Samson,wicket_keeper,"Eden Gardens, Kolkata",107,53.5,170.0,0,0.0,High
Samson,wicket_keeper,"Himachal Pradesh Cricket Association Stadium, Dharamsala",2,2.0,67.0,0,0.0,Low
Samson,wicket_keeper,"M.Chinnaswamy Stadium, Bengaluru",22,22.0,147.0,0,0.0,Low
Samson,wicket_keeper,"MA Chidambaram Stadium, Chennai",25,8.333333333,78.0,0,0.0,Low
Samson,wicket_keeper,"Maharaja Yadavindra Singh International Cricket Stadium, Mullanpur, Chandigarh",56,28.0,140.0,0,0.0,Medium
Samson,wicket_keeper,"Maharashtra Cricket Association Stadium, Pune",82,41.0,171.0,0,0.0,Medium
Samson,wicket_keeper,"Narendra Modi Stadium, Ahmedabad",155,31.0,148.0,0,0.0,Medium
Samson,wicket_keeper,"Rajiv Gandhi International Stadium, Hyderabad",121,40.33333333,168.0,0,0.0,High
Samson,wicket_keeper,"Sawai Mansingh Stadium, Jaipur",426,60.85714286,145.0,0,0.0,High
Samson,wicket_keeper,"Wankhede Stadium, Mumbai",170,28.33333333,142.0,0,0.0,Medium
Sandeep,fast_bowler,"Arun Jaitley Stadium, Delhi",0,0.0,0.0,0,19.5,Low
Sandeep Sharma,fast_bowler,"Arun Jaitley Stadium, Delhi",0,0.0,0.0,1,9.1,Medium
Sandeep Sharma,fast_bowler,"Barsapara Cricket Stadium, Guwahati",0,0.0,0.0,2,7.2,Medium
Sandeep Sharma,fast_bowler,"Bharat Ratna Shri Atal Bihari Vajpayee Ekana Cricket Stadium, Lucknow",0,0.0,0.0,2,7.8,Medium
Sandeep Sharma,fast_bowler,"Dr DY Patil Sports Academy, Mumbai",0,0.0,0.0,0,6.9,Low
Sandeep Sharma,fast_bowler,"Eden Gardens, Kolkata",0,0.0,0.0,1,8.5,Medium
Sandeep Sharma,fast_bowler,"Himachal Pradesh Cricket Association Stadium, Dharamsala",0,0.0,0.0,0,11.5,Low
Sandeep Sharma,fast_bowler,"M.Chinnaswamy Stadium, Bengaluru",0,0.0,0.0,4,11.9,High
Sandeep Sharma,fast_bowler,"MA Chidambaram Stadium, Chennai",0,0.0,0.0,3,8.7,High
Sandeep Sharma,fast_bowler,"Maharaja Yadavindra Singh International Cricket Stadium, Mullanpur, Chandigarh",0,0.0,0.0,2,5.2,Medium
Sandeep Sharma,fast_bowler,"Maharashtra Cricket Association Stadium, Pune",0,0.0,0.0,1,4.5,Medium
Sandeep Sharma,fast_bowler,"Narendra Modi Stadium, Ahmedabad",6,0.0,120.0,4,9.5,High
Sandeep Sharma,fast_bowler,"Rajiv Gandhi International Stadium, Hyderabad",0,0.0,0.0,2,10.2,Medium
Sandeep Sharma,fast_bowler,"Sawai Mansingh Stadium, Jaipur",2,0.0,33.0,10,8.7,High
Sandeep Sharma,fast_bowler,"Wankhede Stadium, Mumbai",0,0.0,0.0,2,9.8,Medium
Sangwan,fast_bowler,"Brabourne Stadium, Mumbai",0,0.0,0.0,3,6.1,High
Sangwan,fast_bowler,"Dr DY Patil Sports Academy, Mumbai",2,2.0,40.0,0,11.5,Low
Sanjay Yadav,spinner,"Wankhede Stadium, Mumbai",0,0.0,0.0,0,11.5,Low
Santner,spinner,"Arun Jaitley Stadium, Delhi",0,0.0,0.0,2,11.0,Medium
Santner,spinner,"Bharat Ratna Shri Atal Bihari Vajpayee Ekana Cricket Stadium, Lucknow",2,0.0,100.0,0,11.5,Low
Santner,spinner,"Brabourne Stadium, Mumbai",1,0.0,50.0,1,5.0,Medium
Santner,spinner,"Dr DY Patil Sports Academy, Mumbai",11,11.0,122.0,1,5.3,Medium
Santner,spinner,"Himachal Pradesh Cricket Association Stadium, Dharamsala",11,11.0,100.0,1,3.3,Medium
Santner,spinner,"M.Chinnaswamy Stadium, Bengaluru",3,3.0,75.0,1,5.8,Medium
Santner,spinner,"MA Chidambaram Stadium, Chennai",12,12.0,86.0,1,7.5,Medium
Santner,spinner,"Maharaja Yadavindra Singh International Cricket Stadium, Mullanpur, Chandigarh",0,0.0,0.0,1,10.0,Medium
Santner,spinner,"Maharashtra Cricket Association Stadium, Pune",0,0.0,0.0,1,12.0,Medium
Santner,spinner,"Narendra Modi Stadium, Ahmedabad",19,19.0,127.0,0,9.4,Low
Santner,spinner,"Rajiv Gandhi International Stadium, Hyderabad",0,0.0,0.0,0,4.8,Low
Santner,spinner,"Sawai Mansingh Stadium, Jaipur",1,0.0,100.0,2,10.2,Medium
Santner,spinner,"Wankhede Stadium, Mumbai",18,9.0,86.0,8,6.4,High
Sanvir Singh,middle_order,"Narendra Modi Stadium, Ahmedabad",7,3.5,100.0,0,0.0,Low
Sanvir Singh,middle_order,"Rajiv Gandhi International Stadium, Hyderabad",6,0.0,150.0,0,0.0,Low
Sanvir Singh,middle_order,"Wankhede Stadium, Mumbai",12,0.0,120.0,0,0.0,Low
Sarfaraz Khan,middle_order,"Arun Jaitley Stadium, Delhi",39,19.5,89.0,0,0.0,Low
Sarfaraz Khan,middle_order,"Bharat Ratna Shri Atal Bihari Vajpayee Ekana Cricket Stadium, Lucknow",4,4.0,44.0,0,0.0,Low
Sarfaraz Khan,middle_order,"Brabourne Stadium, Mumbai",12,0.0,92.0,0,0.0,Low
Sarfaraz Khan,middle_order,"Dr DY Patil Sports Academy, Mumbai",68,68.0,155.0,0,0.0,High
Sarfaraz Khan,middle_order,"Rajiv Gandhi International Stadium, Hyderabad",10,10.0,111.0,0,0.0,Low
Sarfaraz Khan,middle_order,"Wankhede Stadium, Mumbai",11,5.5,110.0,0,0.0,Low
Satyanarayana Raju,fast_bowler,"MA Chidambaram Stadium, Chennai",1,0.0,100.0,0,13.0,Low
Satyanarayana Raju,fast_bowler,"Narendra Modi Stadium, Ahmedabad",0,0.0,0.0,1,13.7,Medium
Saurav Chauhan,opener,"M.Chinnaswamy Stadium, Bengaluru",0,0.0,0.0,0,0.0,Low
Saurav Chauhan,opener,"Sawai Mansingh Stadium, Jaipur",9,9.0,150.0,0,0.0,Low
Saurav Chauhan,opener,"Wankhede Stadium, Mumbai",9,9.0,112.0,0,0.0,Low
Sediqullah Atal,opener,"Sawai Mansingh Stadium, Jaipur",22,22.0,138.0,0,0.0,Low
Seifert,wicket_keeper,"Brabourne Stadium, Mumbai",21,21.0,150.0,0,0.0,Low
Seifert,wicket_keeper,"Maharashtra Cricket Association Stadium, Pune",3,3.0,60.0,0,0.0,Low
Shahbaz Ahmed,spinner,"Arun Jaitley Stadium, Delhi",59,0.0,203.0,0,22.0,Low
Shahbaz Ahmed,spinner,"Bharat Ratna Shri Atal Bihari Vajpayee Ekana Cricket Stadium, Lucknow",0,0.0,0.0,0,13.0,Low
Shahbaz Ahmed,spinner,"Brabourne Stadium, Mumbai",18,9.0,64.0,3,9.4,High
Shahbaz Ahmed,spinner,"Dr DY Patil Sports Academy, Mumbai",94,47.0,136.0,0,8.2,High
Shahbaz Ahmed,spinner,"Dr. Y.S. Rajasekhara Reddy ACA-VDCA Cricket Stadium, Visakhapatnam",9,9.0,112.0,0,14.7,Low
Shahbaz Ahmed,spinner,"Eden Gardens, Kolkata",17,8.5,170.0,0,9.8,Low
Shahbaz Ahmed,spinner,"M.Chinnaswamy Stadium, Bengaluru",36,12.0,116.0,0,17.2,Low
Shahbaz Ahmed,spinner,"MA Chidambaram Stadium, Chennai",33,11.0,110.0,4,8.8,High
Shahbaz Ahmed,spinner,"Maharaja Yadavindra Singh International Cricket Stadium, Mullanpur, Chandigarh",14,0.0,200.0,0,10.0,Low
Shahbaz Ahmed,spinner,"Maharashtra Cricket Association Stadium, Pune",18,9.0,62.0,1,10.1,Medium
Shahbaz Ahmed,spinner,"Narendra Modi Stadium, Ahmedabad",34,17.0,117.0,2,12.1,Medium
Shahbaz Ahmed,spinner,"Punjab Cricket Association IS Bindra Stadium, Mohali",5,0.0,167.0,0,0.0,Low
Shahbaz Ahmed,spinner,"Rajiv Gandhi International Stadium, Hyderabad",61,30.5,98.0,3,9.7,High
Shahbaz Ahmed,spinner,"Wankhede Stadium, Mumbai",87,43.5,147.0,0,9.3,Medium
Shahrukh Khan,finisher,"Arun Jaitley Stadium, Delhi",10,5.0,111.0,0,9.0,Low
Shahrukh Khan,finisher,"Barsapara Cricket Stadium, Guwahati",11,11.0,110.0,0,0.0,Low
Shahrukh Khan,finisher,"Bharat Ratna Shri Atal Bihari Vajpayee Ekana Cricket Stadium, Lucknow",34,0.0,212.0,0,0.0,Low
Shahrukh Khan,finisher,"Brabourne Stadium, Mumbai",33,11.0,85.0,0,0.0,Low
Shahrukh Khan,finisher,"Dr DY Patil Sports Academy, Mumbai",50,50.0,104.0,0,0.0,High
Shahrukh Khan,finisher,"Eden Gardens, Kolkata",32,0.0,246.0,0,0.0,Low
Shahrukh Khan,finisher,"Himachal Pradesh Cricket Association Stadium, Dharamsala",41,0.0,178.0,0,0.0,Low
Shahrukh Khan,finisher,"M.Chinnaswamy Stadium, Bengaluru",37,0.0,154.0,0,0.0,Low
Shahrukh Khan,finisher,"MA Chidambaram Stadium, Chennai",2,0.0,67.0,0,0.0,Low
Shahrukh Khan,finisher,"Maharaja Yadavindra Singh International Cricket Stadium, Mullanpur, Chandigarh",8,8.0,200.0,0,7.0,Low
Shahrukh Khan,finisher,"Maharaja Yadavindra Singh International Cricket Stadium, Mullanpur, Chandigarh",13,13.0,186.0,0,0.0,Low
Shahrukh Khan,finisher,"Maharashtra Cricket Association Stadium, Pune",15,15.0,250.0,0,0.0,Low
Shahrukh Khan,finisher,"Narendra Modi Stadium, Ahmedabad",193,32.16666667,179.0,1,13.0,Medium
Shahrukh Khan,finisher,"Punjab Cricket Association IS Bindra Stadium, Mohali",46,15.33333333,153.0,0,0.0,Low
Shahrukh Khan,finisher,"Rajiv Gandhi International Stadium, Hyderabad",4,4.0,133.0,0,0.0,Low
Shahrukh Khan,finisher,"Sawai Mansingh Stadium, Jaipur",19,19.0,190.0,0,0.0,Low
Shahrukh Khan,finisher,"Wankhede Stadium, Mumbai",25,8.333333333,119.0,0,0.0,Low
Shai Hope,wicket_keeper,"Arun Jaitley Stadium, Delhi",85,28.33333333,167.0,0,0.0,Medium
Shai Hope,wicket_keeper,"Bharat Ratna Shri Atal Bihari Vajpayee Ekana Cricket Stadium, Lucknow",11,0.0,110.0,0,0.0,Low
Shai Hope,wicket_keeper,"Eden Gardens, Kolkata",6,6.0,200.0,0,0.0,Low
Shai Hope,wicket_keeper,"M.Chinnaswamy Stadium, Bengaluru",29,29.0,126.0,0,0.0,Medium
Shai Hope,wicket_keeper,"Maharaja Yadavindra Singh International Cricket Stadium, Mullanpur, Chandigarh",33,33.0,132.0,0,0.0,Medium
Shai Hope,wicket_keeper,"Narendra Modi Stadium, Ahmedabad",19,19.0,190.0,0,0.0,Low
Shaik Rasheed,opener,"Bharat Ratna Shri Atal Bihari Vajpayee Ekana Cricket Stadium, Lucknow",27,27.0,142.0,0,0.0,Medium
Shaik Rasheed,opener,"M.Chinnaswamy Stadium, Bengaluru",14,14.0,127.0,0,0.0,Low
Shaik Rasheed,opener,"MA Chidambaram Stadium, Chennai",11,5.5,85.0,0,0.0,Low
Shaik Rasheed,opener,"Wankhede Stadium, Mumbai",19,19.0,95.0,0,0.0,Low
Shamar Joseph,fast_bowler,"Eden Gardens, Kolkata",0,0.0,0.0,0,12.5,Low
Shami,fast_bowler,"Arun Jaitley Stadium, Delhi",0,0.0,0.0,3,10.2,High
Shami,fast_bowler,"Bharat Ratna Shri Atal Bihari Vajpayee Ekana Cricket Stadium, Lucknow",0,0.0,0.0,0,6.3,Low
Shami,fast_bowler,"Brabourne Stadium, Mumbai",0,0.0,0.0,2,9.9,Medium
Shami,fast_bowler,"Dr DY Patil Sports Academy, Mumbai",0,0.0,0.0,4,8.4,High
Shami,fast_bowler,"Dr. Y.S. Rajasekhara Reddy ACA-VDCA Cricket Stadium, Visakhapatnam",1,0.0,100.0,0,11.7,Low
Shami,fast_bowler,"Eden Gardens, Kolkata",2,0.0,50.0,5,9.2,High
Shami,fast_bowler,"M.Chinnaswamy Stadium, Bengaluru",0,0.0,0.0,1,10.0,Medium
Shami,fast_bowler,"MA Chidambaram Stadium, Chennai",5,5.0,100.0,3,8.3,High
Shami,fast_bowler,"Maharashtra Cricket Association Stadium, Pune",0,0.0,0.0,4,5.0,High
Shami,fast_bowler,"Narendra Modi Stadium, Ahmedabad",0,0.0,0.0,18,7.9,High
Shami,fast_bowler,"Punjab Cricket Association IS Bindra Stadium, Mohali",0,0.0,0.0,1,11.0,Medium
Shami,fast_bowler,"Rajiv Gandhi International Stadium, Hyderabad",7,7.0,140.0,4,12.4,High
Shami,fast_bowler,"Sawai Mansingh Stadium, Jaipur",0,0.0,0.0,1,6.8,Medium
Shami,fast_bowler,"Wankhede Stadium, Mumbai",0,0.0,0.0,8,9.0,High
Shams Mulani,spinner,"Narendra Modi Stadium, Ahmedabad",1,0.0,100.0,0,8.0,Low
Shams Mulani,spinner,"Rajiv Gandhi International Stadium, Hyderabad",0,0.0,0.0,0,16.0,Low
Shanaka,middle_order,"M.Chinnaswamy Stadium, Bengaluru",0,0.0,0.0,0,0.0,Low
Shanaka,middle_order,"MA Chidambaram Stadium, Chennai",17,17.0,106.0,0,0.0,Low
Shanaka,middle_order,"Narendra Modi Stadium, Ahmedabad",9,0.0,129.0,0,0.0,Low
Shankar,middle_order,"Arun Jaitley Stadium, Delhi",29,29.0,126.0,0,0.0,Medium
Shankar,middle_order,"Barsapara Cricket Stadium, Guwahati",9,9.0,150.0,0,0.0,Low
Shankar,middle_order,"Bharat Ratna Shri Atal Bihari Vajpayee Ekana Cricket Stadium, Lucknow",36,12.0,97.0,0,0.0,Low
Shankar,middle_order,"Dr DY Patil Sports Academy, Mumbai",2,2.0,29.0,0,2.0,Low
Shankar,middle_order,"Eden Gardens, Kolkata",51,0.0,212.0,0,0.0,Low
Shankar,middle_order,"M.Chinnaswamy Stadium, Bengaluru",63,31.5,150.0,0,0.0,Medium
Shankar,middle_order,"MA Chidambaram Stadium, Chennai",124,41.33333333,128.0,0,0.0,Medium
Shankar,middle_order,"Maharaja Yadavindra Singh International Cricket Stadium, Mullanpur, Chandigarh",2,0.0,100.0,0,0.0,Low
Shankar,middle_order,"Maharashtra Cricket Association Stadium, Pune",13,6.5,59.0,0,14.0,Low
Shankar,middle_order,"Narendra Modi Stadium, Ahmedabad",143,35.75,149.0,0,0.0,Medium
Shankar,middle_order,"Sawai Mansingh Stadium, Jaipur",16,16.0,160.0,0,0.0,Low
Shankar,middle_order,"Wankhede Stadium, Mumbai",33,16.5,165.0,0,0.0,Low
Sharath BR,wicket_keeper,"Bharat Ratna Shri Atal Bihari Vajpayee Ekana Cricket Stadium, Lucknow",2,2.0,40.0,0,0.0,Low
Shashank Singh,finisher,"Barsapara Cricket Stadium, Guwahati",0,0.0,0.0,0,0.0,Low
Shashank Singh,finisher,"Bharat Ratna Shri Atal Bihari Vajpayee Ekana Cricket Stadium, Lucknow",9,0.0,129.0,0,0.0,Low
Shashank Singh,finisher,"Brabourne Stadium, Mumbai",10,10.0,167.0,0,10.0,Low
Shashank Singh,finisher,"Eden Gardens, Kolkata",68,0.0,243.0,0,0.0,Low
Shashank Singh,finisher,"Himachal Pradesh Cricket Association Stadium, Dharamsala",97,97.0,180.0,0,0.0,High
Shashank Singh,finisher,"M.Chinnaswamy Stadium, Bengaluru",22,22.0,169.0,0,0.0,Low
Shashank Singh,finisher,"MA Chidambaram Stadium, Chennai",48,48.0,126.0,0,0.0,High
Shashank Singh,finisher,"Maharaja Yadavindra Singh International Cricket Stadium, Mullanpur, Chandigarh",218,36.33333333,124.0,0,0.0,Medium
Shashank Singh,finisher,"Maharashtra Cricket Association Stadium, Pune",26,13.0,100.0,0,10.0,Low
Shashank Singh,finisher,"Narendra Modi Stadium, Ahmedabad",168,168.0,215.0,0,0.0,High
Shashank Singh,finisher,"Rajiv Gandhi International Stadium, Hyderabad",4,2.0,57.0,1,10.7,Medium
Shashank Singh,finisher,"Sawai Mansingh Stadium, Jaipur",70,70.0,175.0,0,0.0,High
Shashank Singh,finisher,"Wankhede Stadium, Mumbai",33,33.0,220.0,0,0.0,Medium
Shepherd,fast_bowler,"Bharat Ratna Shri Atal Bihari Vajpayee Ekana Cricket Stadium, Lucknow",0,0.0,0.0,3,11.0,High
Shepherd,fast_bowler,"Dr DY Patil Sports Academy, Mumbai",8,8.0,100.0,2,10.5,Medium
Shepherd,fast_bowler,"M.Chinnaswamy Stadium, Bengaluru",53,0.0,379.0,0,16.5,Low
Shepherd,fast_bowler,"Maharaja Yadavindra Singh International Cricket Stadium, Mullanpur, Chandigarh",1,1.0,50.0,2,9.6,Medium
Shepherd,fast_bowler,"Maharashtra Cricket Association Stadium, Pune",24,24.0,133.0,1,8.2,Medium
Shepherd,fast_bowler,"Narendra Modi Stadium, Ahmedabad",17,17.0,189.0,1,10.0,Medium
Shepherd,fast_bowler,"Rajiv Gandhi International Stadium, Hyderabad",15,0.0,250.0,0,0.0,Low
Shepherd,fast_bowler,"Wankhede Stadium, Mumbai",67,67.0,239.0,1,14.9,High
Shivam Dube,middle_order,"Arun Jaitley Stadium, Delhi",61,30.5,149.0,0,0.0,Medium
Shivam Dube,middle_order,"Barsapara Cricket Stadium, Guwahati",18,18.0,180.0,0,0.0,Low
Shivam Dube,middle_order,"Bharat Ratna Shri Atal Bihari Vajpayee Ekana Cricket Stadium, Lucknow",46,46.0,102.0,0,0.0,High
Shivam Dube,middle_order,"Brabourne Stadium, Mumbai",106,53.0,177.0,0,25.0,High
Shivam Dube,middle_order,"Dr DY Patil Sports Academy, Mumbai",143,47.66666667,170.0,0,0.0,High
Shivam Dube,middle_order,"Dr. Y.S. Rajasekhara Reddy ACA-VDCA Cricket Stadium, Visakhapatnam",18,18.0,106.0,0,0.0,Low
Shivam Dube,middle_order,"Eden Gardens, Kolkata",95,47.5,156.0,0,0.0,High
Shivam Dube,middle_order,"Himachal Pradesh Cricket Association Stadium, Dharamsala",0,0.0,0.0,0,0.0,Low
Shivam Dube,middle_order,"M.Chinnaswamy Stadium, Bengaluru",67,33.5,149.0,0,0.0,Medium
Shivam Dube,middle_order,"MA Chidambaram Stadium, Chennai",494,32.93333333,155.0,1,14.0,Medium
Shivam Dube,middle_order,"Maharaja Yadavindra Singh International Cricket Stadium, Mullanpur, Chandigarh",42,42.0,156.0,0,0.0,High
Shivam Dube,middle_order,"Maharashtra Cricket Association Stadium, Pune",19,0.0,112.0,0,0.0,Low
Shivam Dube,middle_order,"Narendra Modi Stadium, Ahmedabad",89,29.66666667,148.0,0,16.5,Medium
Shivam Dube,middle_order,"Rajiv Gandhi International Stadium, Hyderabad",45,45.0,188.0,0,0.0,High
Shivam Dube,middle_order,"Sawai Mansingh Stadium, Jaipur",52,52.0,158.0,0,0.0,High
Shivam Dube,middle_order,"Wankhede Stadium, Mumbai",165,27.5,138.0,0,15.0,Medium
Shivam Mavi,fast_bowler,"Brabourne Stadium, Mumbai",0,0.0,0.0,1,9.0,Medium
Shivam Mavi,fast_bowler,"Dr DY Patil Sports Academy, Mumbai",2,2.0,50.0,1,9.0,Medium
Shivam Mavi,fast_bowler,"Maharashtra Cricket Association Stadium, Pune",1,0.0,50.0,1,12.5,Medium
Shivam Mavi,fast_bowler,"Wankhede Stadium, Mumbai",0,0.0,0.0,2,10.7,Medium
Shivam Singh,opener,"Rajiv Gandhi International Stadium, Hyderabad",2,0.0,67.0,0,0.0,Low
Short,opener,"Bharat Ratna Shri Atal Bihari Vajpayee Ekana Cricket Stadium, Lucknow",34,34.0,155.0,0,5.0,Medium
Short,opener,"Punjab Cricket Association IS Bindra Stadium, Mohali",71,23.66666667,125.0,0,8.0,Low
Short,opener,"Rajiv Gandhi International Stadium, Hyderabad",1,1.0,33.0,0,0.0,Low
Short,opener,"Wankhede Stadium, Mumbai",11,11.0,110.0,0,7.0,Low
Shreyas Gopal,spinner,"Brabourne Stadium, Mumbai",9,0.0,129.0,1,11.3,Medium
Shreyas Gopal,spinner,"Maharaja Yadavindra Singh International Cricket Stadium, Mullanpur, Chandigarh",0,0.0,0.0,1,13.0,Medium
Shreyas Gopal,spinner,"Wankhede Stadium, Mumbai",0,0.0,0.0,2,8.2,Medium
Shreyas Iyer,middle_order,"Bharat Ratna Shri Atal Bihari Vajpayee Ekana Cricket Stadium, Lucknow",75,75.0,167.0,0,0.0,High
Shreyas Iyer,middle_order,"Brabourne Stadium, Mumbai",167,55.66666667,153.0,0,0.0,High
Shreyas Iyer,middle_order,"Dr DY Patil Sports Academy, Mumbai",81,20.25,131.0,0,0.0,Low
Shreyas Iyer,middle_order,"Dr. Y.S. Rajasekhara Reddy ACA-VDCA Cricket Stadium, Visakhapatnam",18,18.0,164.0,0,0.0,Low
Shreyas Iyer,middle_order,"Eden Gardens, Kolkata",192,38.4,135.0,0,0.0,Medium
Shreyas Iyer,middle_order,"Himachal Pradesh Cricket Association Stadium, Dharamsala",45,45.0,180.0,0,0.0,High
Shreyas Iyer,middle_order,"M.Chinnaswamy Stadium, Bengaluru",46,46.0,135.0,0,0.0,High
Shreyas Iyer,middle_order,"MA Chidambaram Stadium, Chennai",112,56.0,147.0,0,0.0,High
Shreyas Iyer,middle_order,"Maharaja Yadavindra Singh International Cricket Stadium, Mullanpur, Chandigarh",27,5.4,100.0,0,0.0,Low
Shreyas Iyer,middle_order,"Maharashtra Cricket Association Stadium, Pune",31,10.33333333,129.0,0,0.0,Low
Shreyas Iyer,middle_order,"Narendra Modi Stadium, Ahmedabad",243,243.0,223.0,0,0.0,High
Shreyas Iyer,middle_order,"Rajiv Gandhi International Stadium, Hyderabad",82,82.0,228.0,0,0.0,High
Shreyas Iyer,middle_order,"Sawai Mansingh Stadium, Jaipur",109,54.5,145.0,0,0.0,High
Shreyas Iyer,middle_order,"Wankhede Stadium, Mumbai",128,32.0,120.0,0,7.0,Medium
Shubham Dubey,finisher,"Arun Jaitley Stadium, Delhi",25,25.0,208.0,0,0.0,Medium
Shubham Dubey,finisher,"Barsapara Cricket Stadium, Guwahati",9,9.0,75.0,0,0.0,Low
Shubham Dubey,finisher,"Eden Gardens, Kolkata",25,0.0,179.0,0,0.0,Low
Shubham Dubey,finisher,"M.Chinnaswamy Stadium, Bengaluru",12,12.0,171.0,0,0.0,Low
Shubham Dubey,finisher,"MA Chidambaram Stadium, Chennai",0,0.0,0.0,0,0.0,Low
Shubham Dubey,finisher,"Narendra Modi Stadium, Ahmedabad",1,1.0,33.0,0,0.0,Low
Shubham Dubey,finisher,"Rajiv Gandhi International Stadium, Hyderabad",34,0.0,309.0,0,0.0,Low
Shubham Dubey,finisher,"Sawai Mansingh Stadium, Jaipur",25,25.0,132.0,0,0.0,Low
Shubham Dubey,finisher,"Wankhede Stadium, Mumbai",8,0.0,133.0,0,0.0,Low
Shubman Gill,opener,"Arun Jaitley Stadium, Delhi",113,56.5,159.0,0,0.0,High
Shubman Gill,opener,"Bharat Ratna Shri Atal Bihari Vajpayee Ekana Cricket Stadium, Lucknow",79,26.33333333,130.0,0,0.0,Medium
Shubman Gill,opener,"Brabourne Stadium, Mumbai",179,59.66666667,146.0,0,0.0,High
Shubman Gill,opener,"Dr DY Patil Sports Academy, Mumbai",36,9.0,106.0,0,0.0,Low
Shubman Gill,opener,"Eden Gardens, Kolkata",174,58.0,157.0,0,0.0,High
Shubman Gill,opener,"M.Chinnaswamy Stadium, Bengaluru",120,60.0,164.0,0,0.0,High
Shubman Gill,opener,"MA Chidambaram Stadium, Chennai",50,25.0,116.0,0,0.0,Medium
Shubman Gill,opener,"Maharaja Yadavindra Singh International Cricket Stadium, Mullanpur, Chandigarh",35,35.0,121.0,0,0.0,Medium
Shubman Gill,opener,"Maharaja Yadavindra Singh International Cricket Stadium, Mullanpur, Chandigarh",1,1.0,50.0,0,0.0,Low
Shubman Gill,opener,"Maharashtra Cricket Association Stadium, Pune",147,73.5,153.0,0,0.0,High
Shubman Gill,opener,"Narendra Modi Stadium, Ahmedabad",1105,58.15789474,165.0,0,0.0,High
Shubman Gill,opener,"Punjab Cricket Association IS Bindra Stadium, Mohali",67,67.0,137.0,0,0.0,High
Shubman Gill,opener,"Rajiv Gandhi International Stadium, Hyderabad",61,0.0,142.0,0,0.0,Low
Shubman Gill,opener,"Sawai Mansingh Stadium, Jaipur",192,64.0,149.0,0,0.0,High
Shubman Gill,opener,"Wankhede Stadium, Mumbai",90,15.0,88.0,0,0.0,Low
Simarjeet Singh,fast_bowler,"Brabourne Stadium, Mumbai",3,0.0,100.0,1,7.7,Medium
Simarjeet Singh,fast_bowler,"Dr DY Patil Sports Academy, Mumbai",0,0.0,0.0,2,6.8,Medium
Simarjeet Singh,fast_bowler,"Eden Gardens, Kolkata",0,0.0,0.0,0,12.0,Low
Simarjeet Singh,fast_bowler,"Himachal Pradesh Cricket Association Stadium, Dharamsala",0,0.0,0.0,2,5.7,Medium
Simarjeet Singh,fast_bowler,"M.Chinnaswamy Stadium, Bengaluru",0,0.0,0.0,0,18.0,Low
Simarjeet Singh,fast_bowler,"MA Chidambaram Stadium, Chennai",0,0.0,0.0,3,6.5,High
Simarjeet Singh,fast_bowler,"Maharashtra Cricket Association Stadium, Pune",2,0.0,100.0,0,11.2,Low
Simarjeet Singh,fast_bowler,"Narendra Modi Stadium, Ahmedabad",0,0.0,0.0,0,15.0,Low
Simarjeet Singh,fast_bowler,"Rajiv Gandhi International Stadium, Hyderabad",3,3.0,50.0,2,16.3,Medium
Simarjeet Singh,fast_bowler,"Wankhede Stadium, Mumbai",2,2.0,67.0,1,6.9,Medium
Siraj,fast_bowler,"Arun Jaitley Stadium, Delhi",0,0.0,0.0,0,11.0,Low
Siraj,fast_bowler,"Bharat Ratna Shri Atal Bihari Vajpayee Ekana Cricket Stadium, Lucknow",0,0.0,0.0,1,10.7,Medium
Siraj,fast_bowler,"Brabourne Stadium, Mumbai",11,11.0,65.0,0,11.2,Low
Siraj,fast_bowler,"Dr DY Patil Sports Academy, Mumbai",14,0.0,127.0,4,9.8,High
Siraj,fast_bowler,"Eden Gardens, Kolkata",0,0.0,0.0,4,10.6,High
Siraj,fast_bowler,"Himachal Pradesh Cricket Association Stadium, Dharamsala",0,0.0,0.0,3,10.8,High
Siraj,fast_bowler,"M.Chinnaswamy Stadium, Bengaluru",13,13.0,144.0,21,8.2,High
Siraj,fast_bowler,"MA Chidambaram Stadium, Chennai",0,0.0,0.0,0,9.5,Low
Siraj,fast_bowler,"Maharaja Yadavindra Singh International Cricket Stadium, Mullanpur, Chandigarh",0,0.0,0.0,1,9.2,Medium
Siraj,fast_bowler,"Maharashtra Cricket Association Stadium, Pune",5,5.0,100.0,2,10.3,Medium
Siraj,fast_bowler,"Narendra Modi Stadium, Ahmedabad",3,0.0,75.0,9,10.2,High
Siraj,fast_bowler,"Punjab Cricket Association IS Bindra Stadium, Mohali",0,0.0,0.0,4,5.5,High
Siraj,fast_bowler,"Rajiv Gandhi International Stadium, Hyderabad",0,0.0,0.0,5,4.7,High
Siraj,fast_bowler,"Sawai Mansingh Stadium, Jaipur",0,0.0,0.0,2,8.5,Medium
Siraj,fast_bowler,"Wankhede Stadium, Mumbai",0,0.0,0.0,3,10.0,High
Solanki,spinner,"Brabourne Stadium, Mumbai",0,0.0,0.0,2,10.5,Medium
Solanki,spinner,"Wankhede Stadium, Mumbai",0,0.0,0.0,0,4.5,Low
Southee,fast_bowler,"Dr DY Patil Sports Academy, Mumbai",2,1.0,20.0,7,7.7,High
Southee,fast_bowler,"Eden Gardens, Kolkata",0,0.0,0.0,0,12.5,Low
Southee,fast_bowler,"Maharashtra Cricket Association Stadium, Pune",0,0.0,0.0,3,6.5,High
Southee,fast_bowler,"Punjab Cricket Association IS Bindra Stadium, Mohali",0,0.0,0.0,2,13.5,Medium
Southee,fast_bowler,"Wankhede Stadium, Mumbai",0,0.0,0.0,4,9.8,High
Spencer Johnson,fast_bowler,"Barsapara Cricket Stadium, Guwahati",0,0.0,0.0,1,10.2,Medium
Spencer Johnson,fast_bowler,"Bharat Ratna Shri Atal Bihari Vajpayee Ekana Cricket Stadium, Lucknow",0,0.0,0.0,0,9.0,Low
Spencer Johnson,fast_bowler,"Eden Gardens, Kolkata",1,0.0,100.0,0,14.6,Low
Spencer Johnson,fast_bowler,"MA Chidambaram Stadium, Chennai",5,0.0,100.0,1,8.8,Medium
Spencer Johnson,fast_bowler,"Narendra Modi Stadium, Ahmedabad",1,0.0,100.0,3,11.8,High
Spencer Johnson,fast_bowler,"Sawai Mansingh Stadium, Jaipur",0,0.0,0.0,0,9.2,Low
Spencer Johnson,fast_bowler,"Wankhede Stadium, Mumbai",1,0.0,33.0,0,7.0,Low
Srikar Bharat,wicket_keeper,"Dr DY Patil Sports Academy, Mumbai",8,4.0,114.0,0,0.0,Low
Stoinis,middle_order,"Arun Jaitley Stadium, Delhi",5,5.0,71.0,0,0.0,Low
Stoinis,middle_order,"Bharat Ratna Shri Atal Bihari Vajpayee Ekana Cricket Stadium, Lucknow",336,30.54545455,136.0,5,7.6,High
Stoinis,middle_order,"Brabourne Stadium, Mumbai",37,18.5,142.0,1,9.3,Medium
Stoinis,middle_order,"Dr DY Patil Sports Academy, Mumbai",24,24.0,160.0,3,12.3,High
Stoinis,middle_order,"Eden Gardens, Kolkata",19,6.333333333,119.0,0,0.0,Low
Stoinis,middle_order,"Himachal Pradesh Cricket Association Stadium, Dharamsala",15,0.0,300.0,0,17.0,Low
Stoinis,middle_order,"M.Chinnaswamy Stadium, Bengaluru",96,48.0,204.0,1,9.0,High
Stoinis,middle_order,"MA Chidambaram Stadium, Chennai",145,145.0,179.0,0,12.5,High
Stoinis,middle_order,"Maharaja Yadavindra Singh International Cricket Stadium, Mullanpur, Chandigarh",32,8.0,97.0,0,12.0,Low
Stoinis,middle_order,"Maharashtra Cricket Association Stadium, Pune",31,15.5,155.0,0,0.0,Low
Stoinis,middle_order,"Narendra Modi Stadium, Ahmedabad",32,10.66666667,114.0,1,16.5,Medium
Stoinis,middle_order,"Punjab Cricket Association IS Bindra Stadium, Mohali",72,72.0,180.0,1,12.0,High
Stoinis,middle_order,"Rajiv Gandhi International Stadium, Hyderabad",77,38.5,188.0,0,9.0,Medium
Stoinis,middle_order,"Sawai Mansingh Stadium, Jaipur",68,34.0,189.0,2,8.9,Medium
Stoinis,middle_order,"Wankhede Stadium, Mumbai",83,41.5,143.0,0,14.0,Medium
Stokes,middle_order,"MA Chidambaram Stadium, Chennai",8,8.0,100.0,0,18.0,Low
Stokes,middle_order,"Narendra Modi Stadium, Ahmedabad",7,7.0,117.0,0,0.0,Low
Sumit Kumar,middle_order,"Dr. Y.S. Rajasekhara Reddy ACA-VDCA Cricket Stadium, Visakhapatnam",7,7.0,117.0,0,9.5,Low
Sumit Kumar,middle_order,"Maharaja Yadavindra Singh International Cricket Stadium, Mullanpur, Chandigarh",2,2.0,22.0,0,13.5,Low
Sumit Kumar,middle_order,"Narendra Modi Stadium, Ahmedabad",9,0.0,100.0,0,0.0,Low
Suryakumar Yadav,middle_order,"Arun Jaitley Stadium, Delhi",66,22.0,157.0,0,0.0,Low
Suryakumar Yadav,middle_order,"Bharat Ratna Shri Atal Bihari Vajpayee Ekana Cricket Stadium, Lucknow",84,28.0,145.0,0,0.0,Medium
Suryakumar Yadav,middle_order,"Brabourne Stadium, Mumbai",50,25.0,132.0,0,0.0,Medium
Suryakumar Yadav,middle_order,"Dr DY Patil Sports Academy, Mumbai",83,41.5,138.0,0,0.0,High
Suryakumar Yadav,middle_order,"Eden Gardens, Kolkata",11,11.0,79.0,0,0.0,Low
Suryakumar Yadav,middle_order,"M.Chinnaswamy Stadium, Bengaluru",15,15.0,94.0,0,0.0,Low
Suryakumar Yadav,middle_order,"MA Chidambaram Stadium, Chennai",55,27.5,115.0,0,0.0,Medium
Suryakumar Yadav,middle_order,"Maharaja Yadavindra Singh International Cricket Stadium, Mullanpur, Chandigarh",78,78.0,147.0,0,0.0,High
Suryakumar Yadav,middle_order,"Maharaja Yadavindra Singh International Cricket Stadium, Mullanpur, Chandigarh",33,33.0,165.0,0,0.0,Medium
Suryakumar Yadav,middle_order,"Maharashtra Cricket Association Stadium, Pune",163,81.5,158.0,0,0.0,High
Suryakumar Yadav,middle_order,"Narendra Modi Stadium, Ahmedabad",176,44.0,169.0,0,0.0,High
Suryakumar Yadav,middle_order,"Punjab Cricket Association IS Bindra Stadium, Mohali",66,66.0,213.0,0,0.0,High
Suryakumar Yadav,middle_order,"Rajiv Gandhi International Stadium, Hyderabad",47,47.0,214.0,0,0.0,High
Suryakumar Yadav,middle_order,"Sawai Mansingh Stadium, Jaipur",115,57.5,164.0,0,0.0,High
Suryakumar Yadav,middle_order,"Wankhede Stadium, Mumbai",895,59.66666667,188.0,0,0.0,High
Suryansh Shedge,middle_order,"MA Chidambaram Stadium, Chennai",1,1.0,33.0,0,13.3,Low
Suryansh Shedge,middle_order,"Maharaja Yadavindra Singh International Cricket Stadium, Mullanpur, Chandigarh",6,3.0,75.0,0,0.0,Low
Suyash Sharma,spinner,"Arun Jaitley Stadium, Delhi",0,0.0,0.0,0,5.5,Low
Suyash Sharma,spinner,"Bharat Ratna Shri Atal Bihari Vajpayee Ekana Cricket Stadium, Lucknow",0,0.0,0.0,1,14.3,Medium
Suyash Sharma,spinner,"Eden Gardens, Kolkata",0,0.0,0.0,6,9.6,High
Suyash Sharma,spinner,"M.Chinnaswamy Stadium, Bengaluru",0,0.0,0.0,3,8.3,High
Suyash Sharma,spinner,"MA Chidambaram Stadium, Chennai",0,0.0,0.0,0,8.9,Low
Suyash Sharma,spinner,"Maharaja Yadavindra Singh International Cricket Stadium, Mullanpur, Chandigarh",0,0.0,0.0,5,6.4,High
Suyash Sharma,spinner,"Narendra Modi Stadium, Ahmedabad",0,0.0,0.0,1,9.2,Medium
Suyash Sharma,spinner,"Sawai Mansingh Stadium, Jaipur",0,0.0,0.0,0,10.0,Low
Suyash Sharma,spinner,"Wankhede Stadium, Mumbai",0,0.0,0.0,2,7.5,Medium
Swapnil Singh,spinner,"Bharat Ratna Shri Atal Bihari Vajpayee Ekana Cricket Stadium, Lucknow",0,0.0,0.0,0,11.0,Low
Swapnil Singh,spinner,"Himachal Pradesh Cricket Association Stadium, Dharamsala",1,0.0,100.0,2,9.3,Medium
Swapnil Singh,spinner,"M.Chinnaswamy Stadium, Bengaluru",15,15.0,150.0,1,5.8,Medium
Swapnil Singh,spinner,"Narendra Modi Stadium, Ahmedabad",11,0.0,138.0,1,8.2,Medium
Swapnil Singh,spinner,"Rajiv Gandhi International Stadium, Hyderabad",12,12.0,200.0,2,13.3,Medium
T Natarajan,fast_bowler,"Arun Jaitley Stadium, Delhi",0,0.0,0.0,5,9.3,High
T Natarajan,fast_bowler,"Bharat Ratna Shri Atal Bihari Vajpayee Ekana Cricket Stadium, Lucknow",0,0.0,0.0,0,8.0,Low
T Natarajan,fast_bowler,"Brabourne Stadium, Mumbai",0,0.0,0.0,6,6.7,High
T Natarajan,fast_bowler,"Dr DY Patil Sports Academy, Mumbai",0,0.0,0.0,7,8.1,High
T Natarajan,fast_bowler,"Eden Gardens, Kolkata",0,0.0,0.0,4,10.6,High
T Natarajan,fast_bowler,"Himachal Pradesh Cricket Association Stadium, Dharamsala",0,0.0,0.0,1,3.4,Medium
T Natarajan,fast_bowler,"M.Chinnaswamy Stadium, Bengaluru",0,0.0,0.0,1,11.8,Medium
T Natarajan,fast_bowler,"MA Chidambaram Stadium, Chennai",0,0.0,0.0,2,9.6,Medium
T Natarajan,fast_bowler,"Maharaja Yadavindra Singh International Cricket Stadium, Mullanpur, Chandigarh",0,0.0,0.0,1,8.2,Medium
T Natarajan,fast_bowler,"Maharashtra Cricket Association Stadium, Pune",0,0.0,0.0,5,10.9,High
T Natarajan,fast_bowler,"Narendra Modi Stadium, Ahmedabad",0,0.0,0.0,2,8.1,Medium
T Natarajan,fast_bowler,"Rajiv Gandhi International Stadium, Hyderabad",0,0.0,0.0,14,9.3,High
T Natarajan,fast_bowler,"Sawai Mansingh Stadium, Jaipur",0,0.0,0.0,0,9.2,Low
T Natarajan,fast_bowler,"Wankhede Stadium, Mumbai",0,0.0,0.0,0,11.8,Low
Tanush Kotian,fast_bowler,"Maharaja Yadavindra Singh International Cricket Stadium, Mullanpur, Chandigarh",24,24.0,77.0,0,0.0,Low
Thakur,fast_bowler,"Bharat Ratna Shri Atal Bihari Vajpayee Ekana Cricket Stadium, Lucknow",18,9.0,180.0,5,11.2,High
Thakur,fast_bowler,"Brabourne Stadium, Mumbai",51,51.0,232.0,4,11.4,High
Thakur,fast_bowler,"Dr DY Patil Sports Academy, Mumbai",27,13.5,117.0,5,8.9,High
Thakur,fast_bowler,"Dr. Y.S. Rajasekhara Reddy ACA-VDCA Cricket Stadium, Visakhapatnam",0,0.0,0.0,2,9.5,Medium
Thakur,fast_bowler,"Eden Gardens, Kolkata",84,16.8,171.0,5,12.1,High
Thakur,fast_bowler,"Himachal Pradesh Cricket Association Stadium, Dharamsala",17,17.0,155.0,1,8.0,Medium
Thakur,fast_bowler,"M.Chinnaswamy Stadium, Bengaluru",1,0.0,50.0,2,15.5,Medium
Thakur,fast_bowler,"MA Chidambaram Stadium, Chennai",0,0.0,0.0,3,9.2,High
Thakur,fast_bowler,"Maharashtra Cricket Association Stadium, Pune",2,2.0,40.0,0,10.5,Low
Thakur,fast_bowler,"Narendra Modi Stadium, Ahmedabad",3,3.0,60.0,0,9.7,Low
Thakur,fast_bowler,"Punjab Cricket Association IS Bindra Stadium, Mohali",8,0.0,267.0,0,10.8,Low
Thakur,fast_bowler,"Rajiv Gandhi International Stadium, Hyderabad",8,8.0,133.0,6,8.0,High
Thakur,fast_bowler,"Sawai Mansingh Stadium, Jaipur",0,0.0,0.0,1,11.3,Medium
Thakur,fast_bowler,"Wankhede Stadium, Mumbai",53,10.6,110.0,7,9.9,High
Theekshana,spinner,"Arun Jaitley Stadium, Delhi",0,0.0,0.0,3,7.9,High
Theekshana,spinner,"Barsapara Cricket Stadium, Guwahati",3,0.0,60.0,0,7.9,Low
Theekshana,spinner,"Bharat Ratna Shri Atal Bihari Vajpayee Ekana Cricket Stadium, Lucknow",0,0.0,0.0,2,9.2,Medium
Theekshana,spinner,"Dr DY Patil Sports Academy, Mumbai",0,0.0,0.0,6,8.1,High
Theekshana,spinner,"Eden Gardens, Kolkata",0,0.0,0.0,3,9.1,High
Theekshana,spinner,"M.Chinnaswamy Stadium, Bengaluru",0,0.0,0.0,1,8.4,Medium
Theekshana,spinner,"MA Chidambaram Stadium, Chennai",0,0.0,0.0,4,7.9,High
Theekshana,spinner,"Maharaja Yadavindra Singh International Cricket Stadium, Mullanpur, Chandigarh",0,0.0,0.0,2,6.5,Medium
Theekshana,spinner,"Maharashtra Cricket Association Stadium, Pune",7,0.0,175.0,5,6.8,High
Theekshana,spinner,"Narendra Modi Stadium, Ahmedabad",5,5.0,38.0,2,11.2,Medium
Theekshana,spinner,"Rajiv Gandhi International Stadium, Hyderabad",0,0.0,0.0,3,10.0,High
Theekshana,spinner,"Sawai Mansingh Stadium, Jaipur",2,2.0,22.0,4,9.2,High
Theekshana,spinner,"Wankhede Stadium, Mumbai",0,0.0,0.0,1,8.0,Medium
Tilak Varma,middle_order,"Arun Jaitley Stadium, Delhi",163,54.33333333,173.0,0,7.0,High
Tilak Varma,middle_order,"Bharat Ratna Shri Atal Bihari Vajpayee Ekana Cricket Stadium, Lucknow",32,32.0,94.0,0,0.0,Medium
Tilak Varma,middle_order,"Brabourne Stadium, Mumbai",69,34.5,121.0,0,7.0,Medium
Tilak Varma,middle_order,"Dr DY Patil Sports Academy, Mumbai",153,51.0,138.0,0,0.0,High
Tilak Varma,middle_order,"Eden Gardens, Kolkata",32,32.0,188.0,0,0.0,Medium
Tilak Varma,middle_order,"M.Chinnaswamy Stadium, Bengaluru",84,0.0,183.0,0,0.0,Low
Tilak Varma,middle_order,"MA Chidambaram Stadium, Chennai",31,31.0,124.0,0,0.0,Medium
Tilak Varma,middle_order,"Maharaja Yadavindra Singh International Cricket Stadium, Mullanpur, Chandigarh",34,0.0,189.0,0,0.0,Low
Tilak Varma,middle_order,"Maharaja Yadavindra Singh International Cricket Stadium, Mullanpur, Chandigarh",25,25.0,227.0,0,0.0,Medium
Tilak Varma,middle_order,"Maharashtra Cricket Association Stadium, Pune",74,74.0,148.0,0,6.0,High
Tilak Varma,middle_order,"Narendra Modi Stadium, Ahmedabad",153,30.6,151.0,0,0.0,Medium
Tilak Varma,middle_order,"Punjab Cricket Association IS Bindra Stadium, Mohali",26,0.0,260.0,0,0.0,Low
Tilak Varma,middle_order,"Rajiv Gandhi International Stadium, Hyderabad",103,51.5,194.0,0,0.0,High
Tilak Varma,middle_order,"Sawai Mansingh Stadium, Jaipur",66,33.0,135.0,0,12.0,Medium
Tilak Varma,middle_order,"Wankhede Stadium, Mumbai",428,30.57142857,126.0,0,0.0,Medium
Tim David,finisher,"Arun Jaitley Stadium, Delhi",69,69.0,209.0,0,0.0,High
Tim David,finisher,"Bharat Ratna Shri Atal Bihari Vajpayee Ekana Cricket Stadium, Lucknow",68,68.0,162.0,0,0.0,High
Tim David,finisher,"Brabourne Stadium, Mumbai",56,56.0,193.0,0,0.0,High
Tim David,finisher,"Dr DY Patil Sports Academy, Mumbai",34,17.0,162.0,0,0.0,Low
Tim David,finisher,"Eden Gardens, Kolkata",0,0.0,0.0,0,0.0,Low
Tim David,finisher,"M.Chinnaswamy Stadium, Bengaluru",148,49.33333333,166.0,0,0.0,High
Tim David,finisher,"MA Chidambaram Stadium, Chennai",24,24.0,200.0,0,0.0,Medium
Tim David,finisher,"Maharaja Yadavindra Singh International Cricket Stadium, Mullanpur, Chandigarh",14,14.0,200.0,0,0.0,Low
Tim David,finisher,"Narendra Modi Stadium, Ahmedabad",13,4.333333333,87.0,0,0.0,Low
Tim David,finisher,"Punjab Cricket Association IS Bindra Stadium, Mohali",19,0.0,190.0,0,0.0,Low
Tim David,finisher,"Rajiv Gandhi International Stadium, Hyderabad",58,0.0,176.0,0,0.0,Low
Tim David,finisher,"Sawai Mansingh Stadium, Jaipur",3,3.0,60.0,0,0.0,Low
Tim David,finisher,"Wankhede Stadium, Mumbai",326,40.75,187.0,0,0.0,High
Topley,fast_bowler,"M.Chinnaswamy Stadium, Bengaluru",3,0.0,50.0,3,12.1,High
Topley,fast_bowler,"Narendra Modi Stadium, Ahmedabad",0,0.0,0.0,0,13.3,Low
Topley,fast_bowler,"Sawai Mansingh Stadium, Jaipur",0,0.0,0.0,2,6.8,Medium
Topley,fast_bowler,"Wankhede Stadium, Mumbai",0,0.0,0.0,0,11.3,Low
Tripathi,opener,"Arun Jaitley Stadium, Delhi",10,10.0,167.0,0,0.0,Low
Tripathi,opener,"Barsapara Cricket Stadium, Guwahati",23,23.0,121.0,0,0.0,Low
Tripathi,opener,"Bharat Ratna Shri Atal Bihari Vajpayee Ekana Cricket Stadium, Lucknow",44,22.0,86.0,0,0.0,Low
Tripathi,opener,"Brabourne Stadium, Mumbai",100,50.0,172.0,0,0.0,High
Tripathi,opener,"Dr DY Patil Sports Academy, Mumbai",134,67.0,172.0,0,0.0,High
Tripathi,opener,"Eden Gardens, Kolkata",29,14.5,121.0,0,0.0,Low
Tripathi,opener,"MA Chidambaram Stadium, Chennai",90,15.0,117.0,0,0.0,Low
Tripathi,opener,"Maharaja Yadavindra Singh International Cricket Stadium, Mullanpur, Chandigarh",11,11.0,79.0,0,0.0,Low
Tripathi,opener,"Maharashtra Cricket Association Stadium, Pune",9,3.0,56.0,0,0.0,Low
Tripathi,opener,"Narendra Modi Stadium, Ahmedabad",56,56.0,151.0,0,0.0,High
Tripathi,opener,"Rajiv Gandhi International Stadium, Hyderabad",184,26.28571429,144.0,0,0.0,Medium
Tripathi,opener,"Sawai Mansingh Stadium, Jaipur",47,47.0,162.0,0,0.0,High
Tripathi,opener,"Wankhede Stadium, Mumbai",170,42.5,156.0,0,0.0,High
Tristan Stubbs,finisher,"Arun Jaitley Stadium, Delhi",279,61.6,193.5,1,8.0,High
Tristan Stubbs,finisher,"Bharat Ratna Shri Atal Bihari Vajpayee Ekana Cricket Stadium, Lucknow",15,0.0,167.0,0,0.0,Low
Tristan Stubbs,finisher,"Dr. Y.S. Rajasekhara Reddy ACA-VDCA Cricket Stadium, Visakhapatnam",109,41.0,156.0,0,28.0,High
Tristan Stubbs,finisher,"Eden Gardens, Kolkata",4,4.0,57.0,0,0.0,Low
Tristan Stubbs,finisher,"M.Chinnaswamy Stadium, Bengaluru",41,20.5,165.0,0,0.0,Low
Tristan Stubbs,finisher,"MA Chidambaram Stadium, Chennai",44,22.0,122.0,1,7.0,Medium
Tristan Stubbs,finisher,"Maharaja Yadavindra Singh International Cricket Stadium, Mullanpur, Chandigarh",5,5.0,62.0,0,0.0,Low
Tristan Stubbs,finisher,"Narendra Modi Stadium, Ahmedabad",31,31.0,148.0,2,11.0,Medium
Tristan Stubbs,finisher,"Rajiv Gandhi International Stadium, Hyderabad",41,0.0,114.0,0,0.0,Low
Tristan Stubbs,finisher,"Sawai Mansingh Stadium, Jaipur",62,31.0,160.0,0,0.0,Medium
Tristan Stubbs,finisher,"Wankhede Stadium, Mumbai",78,21.5,200.0,0,0.0,Low
Turner,opener,"Bharat Ratna Shri Atal Bihari Vajpayee Ekana Cricket Stadium, Lucknow",21,10.5,117.0,0,0.0,Low
Tushar Deshpande,fast_bowler,"Arun Jaitley Stadium, Delhi",0,0.0,0.0,2,9.1,Medium
Tushar Deshpande,fast_bowler,"Barsapara Cricket Stadium, Guwahati",3,0.0,100.0,0,10.4,Low
Tushar Deshpande,fast_bowler,"Bharat Ratna Shri Atal Bihari Vajpayee Ekana Cricket Stadium, Lucknow",0,0.0,0.0,0,8.6,Low
Tushar Deshpande,fast_bowler,"Brabourne Stadium, Mumbai",0,0.0,0.0,1,11.0,Medium
Tushar Deshpande,fast_bowler,"Dr. Y.S. Rajasekhara Reddy ACA-VDCA Cricket Stadium, Visakhapatnam",0,0.0,0.0,0,6.0,Low
Tushar Deshpande,fast_bowler,"Eden Gardens, Kolkata",0,0.0,0.0,2,11.0,Medium
Tushar Deshpande,fast_bowler,"Himachal Pradesh Cricket Association Stadium, Dharamsala",0,0.0,0.0,2,8.8,Medium
Tushar Deshpande,fast_bowler,"M.Chinnaswamy Stadium, Bengaluru",1,0.0,50.0,4,13.4,High
Tushar Deshpande,fast_bowler,"MA Chidambaram Stadium, Chennai",0,0.0,0.0,21,9.2,High
Tushar Deshpande,fast_bowler,"Narendra Modi Stadium, Ahmedabad",3,3.0,100.0,5,12.7,High
Tushar Deshpande,fast_bowler,"Rajiv Gandhi International Stadium, Hyderabad",0,0.0,0.0,3,11.2,High
Tushar Deshpande,fast_bowler,"Sawai Mansingh Stadium, Jaipur",0,0.0,0.0,5,9.0,High
Tushar Deshpande,fast_bowler,"Wankhede Stadium, Mumbai",0,0.0,0.0,3,8.4,High
Tye,fast_bowler,"Brabourne Stadium, Mumbai",0,0.0,0.0,2,10.5,Medium
Tye,fast_bowler,"Dr DY Patil Sports Academy, Mumbai",0,0.0,0.0,0,10.1,Low
Tymal Mills,fast_bowler,"Brabourne Stadium, Mumbai",0,0.0,0.0,1,13.7,Medium
Tymal Mills,fast_bowler,"Dr DY Patil Sports Academy, Mumbai",0,0.0,0.0,3,8.8,High
Tymal Mills,fast_bowler,"Maharashtra Cricket Association Stadium, Pune",0,0.0,0.0,2,10.7,Medium
Umesh Yadav,fast_bowler,"Arun Jaitley Stadium, Delhi",3,3.0,60.0,0,6.0,Low
Umesh Yadav,fast_bowler,"Bharat Ratna Shri Atal Bihari Vajpayee Ekana Cricket Stadium, Lucknow",2,2.0,50.0,2,7.3,Medium
Umesh Yadav,fast_bowler,"Brabourne Stadium, Mumbai",22,11.0,200.0,1,10.8,Medium
Umesh Yadav,fast_bowler,"Dr DY Patil Sports Academy, Mumbai",33,16.5,118.0,3,7.2,High
Umesh Yadav,fast_bowler,"Eden Gardens, Kolkata",11,11.0,157.0,0,11.8,Low
Umesh Yadav,fast_bowler,"M.Chinnaswamy Stadium, Bengaluru",0,0.0,0.0,0,19.0,Low
Umesh Yadav,fast_bowler,"MA Chidambaram Stadium, Chennai",10,0.0,91.0,0,13.5,Low
Umesh Yadav,fast_bowler,"Maharashtra Cricket Association Stadium, Pune",0,0.0,0.0,2,5.6,Medium
Umesh Yadav,fast_bowler,"Narendra Modi Stadium, Ahmedabad",5,0.0,83.0,5,9.3,High
Umesh Yadav,fast_bowler,"Punjab Cricket Association IS Bindra Stadium, Mohali",0,0.0,0.0,1,6.8,Medium
Umesh Yadav,fast_bowler,"Sawai Mansingh Stadium, Jaipur",0,0.0,0.0,1,11.5,Medium
Umesh Yadav,fast_bowler,"Wankhede Stadium, Mumbai",0,0.0,0.0,10,6.3,High
Umran Malik,fast_bowler,"Arun Jaitley Stadium, Delhi",0,0.0,0.0,0,22.0,Low
Umran Malik,fast_bowler,"Bharat Ratna Shri Atal Bihari Vajpayee Ekana Cricket Stadium, Lucknow",0,0.0,0.0,1,11.0,Medium
Umran Malik,fast_bowler,"Brabourne Stadium, Mumbai",0,0.0,0.0,3,7.9,High
Umran Malik,fast_bowler,"Dr DY Patil Sports Academy, Mumbai",1,0.0,100.0,5,9.6,High
Umran Malik,fast_bowler,"Eden Gardens, Kolkata",0,0.0,0.0,1,18.0,Medium
Umran Malik,fast_bowler,"MA Chidambaram Stadium, Chennai",0,0.0,0.0,0,6.0,Low
Umran Malik,fast_bowler,"Maharashtra Cricket Association Stadium, Pune",3,0.0,60.0,5,10.2,High
Umran Malik,fast_bowler,"Rajiv Gandhi International Stadium, Hyderabad",19,0.0,238.0,3,9.4,High
Umran Malik,fast_bowler,"Wankhede Stadium, Mumbai",0,0.0,0.0,9,10.2,High
Unadkat,fast_bowler,"Arun Jaitley Stadium, Delhi",0,0.0,0.0,3,6.2,High
Unadkat,fast_bowler,"Bharat Ratna Shri Atal Bihari Vajpayee Ekana Cricket Stadium, Lucknow",0,0.0,0.0,1,10.7,Medium
Unadkat,fast_bowler,"Brabourne Stadium, Mumbai",14,0.0,233.0,2,8.0,Medium
Unadkat,fast_bowler,"Dr DY Patil Sports Academy, Mumbai",19,0.0,211.0,2,12.0,Medium
Unadkat,fast_bowler,"M.Chinnaswamy Stadium, Bengaluru",9,9.0,129.0,0,16.0,Low
Unadkat,fast_bowler,"MA Chidambaram Stadium, Chennai",10,5.0,67.0,3,8.3,High
Unadkat,fast_bowler,"Maharaja Yadavindra Singh International Cricket Stadium, Mullanpur, Chandigarh",6,0.0,600.0,1,12.0,Medium
Unadkat,fast_bowler,"Maharashtra Cricket Association Stadium, Pune",25,25.0,119.0,2,9.4,Medium
Unadkat,fast_bowler,"Narendra Modi Stadium, Ahmedabad",0,0.0,0.0,3,9.5,High
Unadkat,fast_bowler,"Rajiv Gandhi International Stadium, Hyderabad",8,0.0,80.0,8,8.2,High
Unadkat,fast_bowler,"Wankhede Stadium, Mumbai",1,0.0,100.0,0,9.0,Low
Urvil Patel,middle_order,"Arun Jaitley Stadium, Delhi",0,0.0,0.0,0,0.0,Low
Urvil Patel,middle_order,"Eden Gardens, Kolkata",31,31.0,282.0,0,0.0,Medium
Urvil Patel,middle_order,"Narendra Modi Stadium, Ahmedabad",37,37.0,195.0,0,0.0,Medium
Uthappa,opener,"Brabourne Stadium, Mumbai",63,31.5,170.0,0,0.0,Medium
Uthappa,opener,"Dr DY Patil Sports Academy, Mumbai",133,33.25,153.0,0,0.0,Medium
Uthappa,opener,"Maharashtra Cricket Association Stadium, Pune",4,2.0,31.0,0,0.0,Low
Uthappa,opener,"Wankhede Stadium, Mumbai",30,10.0,86.0,0,0.0,Low
V Viyaskanth,spinner,"Narendra Modi Stadium, Ahmedabad",7,0.0,140.0,0,11.0,Low
V Viyaskanth,spinner,"Rajiv Gandhi International Stadium, Hyderabad",0,0.0,0.0,1,8.5,Medium
Vaibhav Arora,fast_bowler,"Arun Jaitley Stadium, Delhi",0,0.0,0.0,2,9.7,Medium
Vaibhav Arora,fast_bowler,"Barsapara Cricket Stadium, Guwahati",0,0.0,0.0,2,8.2,Medium
Vaibhav Arora,fast_bowler,"Bharat Ratna Shri Atal Bihari Vajpayee Ekana Cricket Stadium, Lucknow",0,0.0,0.0,0,10.5,Low
Vaibhav Arora,fast_bowler,"Brabourne Stadium, Mumbai",5,5.0,42.0,2,8.6,Medium
Vaibhav Arora,fast_bowler,"Dr DY Patil Sports Academy, Mumbai",0,0.0,0.0,0,9.4,Low
Vaibhav Arora,fast_bowler,"Dr. Y.S. Rajasekhara Reddy ACA-VDCA Cricket Stadium, Visakhapatnam",0,0.0,0.0,3,6.8,High
Vaibhav Arora,fast_bowler,"Eden Gardens, Kolkata",1,0.0,100.0,17,10.5,High
Vaibhav Arora,fast_bowler,"M.Chinnaswamy Stadium, Bengaluru",0,0.0,0.0,0,12.0,Low
Vaibhav Arora,fast_bowler,"MA Chidambaram Stadium, Chennai",1,0.0,100.0,5,7.6,High
Vaibhav Arora,fast_bowler,"Maharaja Yadavindra Singh International Cricket Stadium, Mullanpur, Chandigarh",0,0.0,0.0,1,10.4,Medium
Vaibhav Arora,fast_bowler,"Maharashtra Cricket Association Stadium, Pune",0,0.0,0.0,1,10.8,Medium
Vaibhav Arora,fast_bowler,"Narendra Modi Stadium, Ahmedabad",0,0.0,0.0,1,8.5,Medium
Vaibhav Arora,fast_bowler,"Rajiv Gandhi International Stadium, Hyderabad",2,0.0,200.0,2,11.0,Medium
Vaibhav Arora,fast_bowler,"Wankhede Stadium, Mumbai",0,0.0,0.0,0,11.1,Low
Vaibhav Suryavanshi,opener,"Arun Jaitley Stadium, Delhi",57,57.0,173.0,0,0.0,High
Vaibhav Suryavanshi,opener,"Eden Gardens, Kolkata",4,4.0,200.0,0,0.0,Low
Vaibhav Suryavanshi,opener,"M.Chinnaswamy Stadium, Bengaluru",16,16.0,133.0,0,0.0,Low
Vaibhav Suryavanshi,opener,"Sawai Mansingh Stadium, Jaipur",175,43.75,233.0,0,0.0,High
van der Dussen,opener,"Dr DY Patil Sports Academy, Mumbai",18,18.0,90.0,0,0.0,Low
van der Dussen,opener,"Wankhede Stadium, Mumbai",4,4.0,100.0,0,0.0,Low
Varun Chakaravarthy,spinner,"Arun Jaitley Stadium, Delhi",1,0.0,100.0,2,13.9,Medium
Varun Chakaravarthy,spinner,"Barsapara Cricket Stadium, Guwahati",0,0.0,0.0,2,4.2,Medium
Varun Chakaravarthy,spinner,"Eden Gardens, Kolkata",0,0.0,0.0,29,8.5,High
Varun Chakaravarthy,spinner,"MA Chidambaram Stadium, Chennai",0,0.0,0.0,2,5.5,Medium
Varun Chakaravarthy,spinner,"Maharaja Yadavindra Singh International Cricket Stadium, Mullanpur, Chandigarh",0,0.0,0.0,2,5.2,Medium
Varun Chakaravarthy,spinner,"Wankhede Stadium, Mumbai",0,0.0,0.0,0,4.0,Low
Venkatesh Iyer,middle_order,"Arun Jaitley Stadium, Delhi",7,3.5,100.0,0,0.0,Low
Venkatesh Iyer,middle_order,"Bharat Ratna Shri Atal Bihari Vajpayee Ekana Cricket Stadium, Lucknow",1,0.0,100.0,0,0.0,Low
Venkatesh Iyer,middle_order,"Brabourne Stadium, Mumbai",30,10.0,107.0,0,14.0,Low
Venkatesh Iyer,middle_order,"Dr DY Patil Sports Academy, Mumbai",70,17.5,119.0,0,9.0,Low
Venkatesh Iyer,middle_order,"Dr. Y.S. Rajasekhara Reddy ACA-VDCA Cricket Stadium, Visakhapatnam",5,0.0,250.0,0,28.0,Low
Venkatesh Iyer,middle_order,"Eden Gardens, Kolkata",399,24.9375,137.0,0,0.0,Low
Venkatesh Iyer,middle_order,"M.Chinnaswamy Stadium, Bengaluru",81,40.5,145.0,0,0.0,High
Venkatesh Iyer,middle_order,"MA Chidambaram Stadium, Chennai",64,32.0,168.0,0,0.0,Medium
Venkatesh Iyer,middle_order,"Maharaja Yadavindra Singh International Cricket Stadium, Mullanpur, Chandigarh",7,7.0,175.0,0,0.0,Low
Venkatesh Iyer,middle_order,"Maharashtra Cricket Association Stadium, Pune",57,57.0,121.0,0,0.0,High
Venkatesh Iyer,middle_order,"Narendra Modi Stadium, Ahmedabad",134,134.0,197.0,0,0.0,High
Venkatesh Iyer,middle_order,"Punjab Cricket Association IS Bindra Stadium, Mohali",34,34.0,121.0,0,0.0,Medium
Venkatesh Iyer,middle_order,"Rajiv Gandhi International Stadium, Hyderabad",7,7.0,175.0,0,0.0,Low
Venkatesh Iyer,middle_order,"Wankhede Stadium, Mumbai",202,33.66666667,137.0,0,14.0,Medium
Vignesh Puthur,spinner,"Bharat Ratna Shri Atal Bihari Vajpayee Ekana Cricket Stadium, Lucknow",0,0.0,0.0,1,7.8,Medium
Vignesh Puthur,spinner,"MA Chidambaram Stadium, Chennai",0,0.0,0.0,3,8.0,High
Vignesh Puthur,spinner,"Rajiv Gandhi International Stadium, Hyderabad",0,0.0,0.0,0,15.0,Low
Vignesh Puthur,spinner,"Wankhede Stadium, Mumbai",0,0.0,0.0,2,10.3,Medium
Vijaykumar Vyshak,fast_bowler,"Himachal Pradesh Cricket Association Stadium, Dharamsala",0,0.0,0.0,0,16.3,Low
Vijaykumar Vyshak,fast_bowler,"M.Chinnaswamy Stadium, Bengaluru",14,14.0,127.0,10,10.1,High
Vijaykumar Vyshak,fast_bowler,"Narendra Modi Stadium, Ahmedabad",0,0.0,0.0,2,8.7,Medium
Vijaykumar Vyshak,fast_bowler,"Punjab Cricket Association IS Bindra Stadium, Mohali",0,0.0,0.0,0,9.7,Low
Vijaykumar Vyshak,fast_bowler,"Sawai Mansingh Stadium, Jaipur",0,0.0,0.0,2,11.0,Medium
Vijaykumar Vyshak,fast_bowler,"Wankhede Stadium, Mumbai",0,0.0,0.0,3,11.5,High
Vipraj Nigam,spinner,"Arun Jaitley Stadium, Delhi",64,32.0,194.0,4,10.3,High
Vipraj Nigam,spinner,"Bharat Ratna Shri Atal Bihari Vajpayee Ekana Cricket Stadium, Lucknow",0,0.0,0.0,0,14.0,Low
Vipraj Nigam,spinner,"Dr. Y.S. Rajasekhara Reddy ACA-VDCA Cricket Stadium, Visakhapatnam",39,39.0,260.0,1,14.0,Medium
Vipraj Nigam,spinner,"M.Chinnaswamy Stadium, Bengaluru",0,0.0,0.0,2,4.5,Medium
Vipraj Nigam,spinner,"MA Chidambaram Stadium, Chennai",1,0.0,50.0,2,6.8,Medium
Vipraj Nigam,spinner,"Narendra Modi Stadium, Ahmedabad",0,0.0,0.0,0,9.5,Low
Vipraj Nigam,spinner,"Rajiv Gandhi International Stadium, Hyderabad",18,0.0,106.0,0,0.0,Low
Vipraj Nigam,spinner,"Sawai Mansingh Stadium, Jaipur",0,0.0,0.0,2,9.5,Medium
Vipraj Nigam,spinner,"Wankhede Stadium, Mumbai",20,20.0,182.0,0,6.5,Low
Vishnu Vinod,wicket_keeper,"Bharat Ratna Shri Atal Bihari Vajpayee Ekana Cricket Stadium, Lucknow",2,2.0,50.0,0,0.0,Low
Vishnu Vinod,wicket_keeper,"Narendra Modi Stadium, Ahmedabad",5,5.0,71.0,0,0.0,Low
Vishnu Vinod,wicket_keeper,"Wankhede Stadium, Mumbai",30,30.0,150.0,0,0.0,Medium
Vivrant Sharma,middle_order,"Sawai Mansingh Stadium, Jaipur",0,0.0,0.0,0,9.0,Low
Vivrant Sharma,middle_order,"Wankhede Stadium, Mumbai",69,69.0,147.0,0,19.0,High
Vohra,middle_order,"Bharat Ratna Shri Atal Bihari Vajpayee Ekana Cricket Stadium, Lucknow",10,10.0,91.0,0,0.0,Low
Vohra,middle_order,"Eden Gardens, Kolkata",19,19.0,173.0,0,0.0,Low
W Saha,wicket_keeper,"Brabourne Stadium, Mumbai",84,42.0,135.0,0,0.0,High
W Saha,wicket_keeper,"Dr DY Patil Sports Academy, Mumbai",46,23.0,110.0,0,0.0,Low
W Saha,wicket_keeper,"Eden Gardens, Kolkata",0,0.0,0.0,0,0.0,Low
W Saha,wicket_keeper,"Maharashtra Cricket Association Stadium, Pune",16,8.0,55.0,0,0.0,Low
W Saha,wicket_keeper,"Narendra Modi Stadium, Ahmedabad",5,0.0,71.0,0,0.0,Low
W Saha,wicket_keeper,"Wankhede Stadium, Mumbai",166,166.0,142.0,0,0.0,High
Wade,wicket_keeper,"Brabourne Stadium, Mumbai",6,6.0,86.0,0,0.0,Low
Wade,wicket_keeper,"Dr DY Patil Sports Academy, Mumbai",31,31.0,124.0,0,0.0,Medium
Wade,wicket_keeper,"Eden Gardens, Kolkata",35,35.0,117.0,0,0.0,Medium
Wade,wicket_keeper,"Maharashtra Cricket Association Stadium, Pune",11,5.5,122.0,0,0.0,Low
Wade,wicket_keeper,"Narendra Modi Stadium, Ahmedabad",8,8.0,80.0,0,0.0,Low
Wade,wicket_keeper,"Sawai Mansingh Stadium, Jaipur",4,4.0,67.0,0,0.0,Low
Wade,wicket_keeper,"Wankhede Stadium, Mumbai",66,22.0,116.0,0,0.0,Low
Warner,opener,"Arun Jaitley Stadium, Delhi",308,38.5,138.0,0,0.0,Medium
Warner,opener,"Barsapara Cricket Stadium, Guwahati",65,65.0,118.0,0,0.0,High
Warner,opener,"Bharat Ratna Shri Atal Bihari Vajpayee Ekana Cricket Stadium, Lucknow",64,32.0,112.0,0,0.0,Medium
Warner,opener,"Brabourne Stadium, Mumbai",213,213.0,160.0,0,0.0,High
Warner,opener,"Dr DY Patil Sports Academy, Mumbai",75,25.0,114.0,0,0.0,Medium
Warner,opener,"Dr. Y.S. Rajasekhara Reddy ACA-VDCA Cricket Stadium, Visakhapatnam",70,35.0,146.0,0,0.0,Medium
Warner,opener,"M.Chinnaswamy Stadium, Bengaluru",20,10.0,133.0,0,0.0,Low
Warner,opener,"MA Chidambaram Stadium, Chennai",0,0.0,0.0,0,0.0,Low
Warner,opener,"Maharaja Yadavindra Singh International Cricket Stadium, Mullanpur, Chandigarh",29,29.0,138.0,0,0.0,Medium
Warner,opener,"Narendra Modi Stadium, Ahmedabad",2,0.0,100.0,0,0.0,Low
Warner,opener,"Rajiv Gandhi International Stadium, Hyderabad",21,21.0,105.0,0,0.0,Low
Warner,opener,"Sawai Mansingh Stadium, Jaipur",49,49.0,144.0,0,0.0,High
Warner,opener,"Wankhede Stadium, Mumbai",154,25.66666667,160.0,0,0.0,Medium
Warrier,fast_bowler,"Arun Jaitley Stadium, Delhi",0,0.0,0.0,3,5.0,High
Warrier,fast_bowler,"Maharaja Yadavindra Singh International Cricket Stadium, Mullanpur, Chandigarh",0,0.0,0.0,0,21.0,Low
Warrier,fast_bowler,"Narendra Modi Stadium, Ahmedabad",0,0.0,0.0,3,12.3,High
Washington Sundar,spinner,"Arun Jaitley Stadium, Delhi",0,0.0,0.0,1,23.0,Medium
Washington Sundar,spinner,"Bharat Ratna Shri Atal Bihari Vajpayee Ekana Cricket Stadium, Lucknow",18,9.0,58.0,1,8.0,Medium
Washington Sundar,spinner,"Dr DY Patil Sports Academy, Mumbai",18,18.0,129.0,4,5.7,High
Washington Sundar,spinner,"Eden Gardens, Kolkata",0,0.0,0.0,1,11.2,Medium
Washington Sundar,spinner,"MA Chidambaram Stadium, Chennai",9,0.0,150.0,0,6.0,Low
Washington Sundar,spinner,"Maharaja Yadavindra Singh International Cricket Stadium, Mullanpur, Chandigarh",48,48.0,200.0,0,7.0,High
Washington Sundar,spinner,"Maharashtra Cricket Association Stadium, Pune",46,15.33333333,184.0,0,12.4,Low
Washington Sundar,spinner,"Narendra Modi Stadium, Ahmedabad",21,10.5,124.0,0,8.2,Low
Washington Sundar,spinner,"Rajiv Gandhi International Stadium, Hyderabad",84,28.0,153.0,3,8.2,High
Washington Sundar,spinner,"Sawai Mansingh Stadium, Jaipur",13,13.0,162.0,0,18.5,Low
Washington Sundar,spinner,"Wankhede Stadium, Mumbai",37,12.33333333,123.0,2,8.9,Medium
Wiese,fast_bowler,"Eden Gardens, Kolkata",9,9.0,112.0,0,12.7,Low
Wiese,fast_bowler,"M.Chinnaswamy Stadium, Bengaluru",12,0.0,400.0,0,0.0,Low
Will Jacks,opener,"Arun Jaitley Stadium, Delhi",1,0.0,100.0,0,0.0,Low
Will Jacks,opener,"Bharat Ratna Shri Atal Bihari Vajpayee Ekana Cricket Stadium, Lucknow",5,5.0,71.0,0,0.0,Low
Will Jacks,opener,"Eden Gardens, Kolkata",55,55.0,172.0,0,0.0,High
Will Jacks,opener,"Himachal Pradesh Cricket Association Stadium, Dharamsala",12,12.0,171.0,0,5.0,Low
Will Jacks,opener,"M.Chinnaswamy Stadium, Bengaluru",49,24.5,136.0,0,12.0,Low
Will Jacks,opener,"MA Chidambaram Stadium, Chennai",11,11.0,157.0,1,8.0,Medium
Will Jacks,opener,"Narendra Modi Stadium, Ahmedabad",100,0.0,244.0,0,0.0,Low
Will Jacks,opener,"Rajiv Gandhi International Stadium, Hyderabad",28,14.0,100.0,1,11.5,Medium
Will Jacks,opener,"Sawai Mansingh Stadium, Jaipur",17,17.0,212.0,0,12.0,Low
Will Jacks,opener,"Wankhede Stadium, Mumbai",185,26.42857143,136.0,6,9.2,High
Willey,fast_bowler,"Dr DY Patil Sports Academy, Mumbai",18,18.0,64.0,0,7.2,Low
Willey,fast_bowler,"Eden Gardens, Kolkata",20,0.0,100.0,2,4.0,Medium
Willey,fast_bowler,"M.Chinnaswamy Stadium, Bengaluru",15,0.0,125.0,1,8.2,Medium
Willey,fast_bowler,"Maharashtra Cricket Association Stadium, Pune",0,0.0,0.0,0,4.0,Low
Willey,fast_bowler,"Wankhede Stadium, Mumbai",0,0.0,0.0,1,7.8,Medium
William ORourke,fast_bowler,"Bharat Ratna Shri Atal Bihari Vajpayee Ekana Cricket Stadium, Lucknow",0,0.0,0.0,3,16.6,High
William ORourke,fast_bowler,"Narendra Modi Stadium, Ahmedabad",0,0.0,0.0,3,6.8,High
Williamson,opener,"Bharat Ratna Shri Atal Bihari Vajpayee Ekana Cricket Stadium, Lucknow",1,1.0,20.0,0,0.0,Low
Williamson,opener,"Brabourne Stadium, Mumbai",37,18.5,84.0,0,0.0,Low
Williamson,opener,"Dr DY Patil Sports Academy, Mumbai",108,27.0,97.0,0,0.0,Medium
Williamson,opener,"Maharashtra Cricket Association Stadium, Pune",58,19.33333333,95.0,0,0.0,Low
Williamson,opener,"Narendra Modi Stadium, Ahmedabad",26,26.0,118.0,0,0.0,Low
Williamson,opener,"Wankhede Stadium, Mumbai",13,13.0,87.0,0,0.0,Low
Wood,fast_bowler,"Arun Jaitley Stadium, Delhi",9,0.0,300.0,1,17.0,Low
Wood,fast_bowler,"Narendra Modi Stadium, Ahmedabad",0,0.0,0.0,0,13.0,Low
Yash Dayal,fast_bowler,"Arun Jaitley Stadium, Delhi",0,0.0,0.0,1,10.8,Medium
Yash Dayal,fast_bowler,"Bharat Ratna Shri Atal Bihari Vajpayee Ekana Cricket Stadium, Lucknow",3,3.0,50.0,0,13.5,Low
Yash Dayal,fast_bowler,"Dr DY Patil Sports Academy, Mumbai",0,0.0,0.0,5,10.2,High
Yash Dayal,fast_bowler,"Eden Gardens, Kolkata",0,0.0,0.0,4,11.8,High
Yash Dayal,fast_bowler,"Himachal Pradesh Cricket Association Stadium, Dharamsala",0,0.0,0.0,0,11.0,Low
Yash Dayal,fast_bowler,"M.Chinnaswamy Stadium, Bengaluru",0,0.0,0.0,14,9.1,High
Yash Dayal,fast_bowler,"MA Chidambaram Stadium, Chennai",0,0.0,0.0,3,7.7,High
Yash Dayal,fast_bowler,"Maharaja Yadavindra Singh International Cricket Stadium, Mullanpur, Chandigarh",0,0.0,0.0,2,8.0,Medium
Yash Dayal,fast_bowler,"Maharashtra Cricket Association Stadium, Pune",0,0.0,0.0,3,10.7,High
Yash Dayal,fast_bowler,"Narendra Modi Stadium, Ahmedabad",1,0.0,100.0,3,10.4,High
Yash Dayal,fast_bowler,"Rajiv Gandhi International Stadium, Hyderabad",0,0.0,0.0,1,5.7,Medium
Yash Dayal,fast_bowler,"Sawai Mansingh Stadium, Jaipur",0,0.0,0.0,2,9.2,Medium
Yash Dayal,fast_bowler,"Wankhede Stadium, Mumbai",0,0.0,0.0,3,8.8,High
Yash Dhull,opener,"Arun Jaitley Stadium, Delhi",15,7.5,79.0,0,0.0,Low
Yash Dhull,opener,"M.Chinnaswamy Stadium, Bengaluru",1,1.0,25.0,0,0.0,Low
Yash Thakur,fast_bowler,"Bharat Ratna Shri Atal Bihari Vajpayee Ekana Cricket Stadium, Lucknow",0,0.0,0.0,12,9.7,High
Yash Thakur,fast_bowler,"Eden Gardens, Kolkata",0,0.0,0.0,2,11.8,Medium
Yash Thakur,fast_bowler,"M.Chinnaswamy Stadium, Bengaluru",0,0.0,0.0,1,9.8,Medium
Yash Thakur,fast_bowler,"MA Chidambaram Stadium, Chennai",0,0.0,0.0,1,10.5,Medium
Yash Thakur,fast_bowler,"Maharaja Yadavindra Singh International Cricket Stadium, Mullanpur, Chandigarh",0,0.0,0.0,1,10.0,Medium
Yash Thakur,fast_bowler,"Narendra Modi Stadium, Ahmedabad",0,0.0,0.0,0,12.0,Low
Yash Thakur,fast_bowler,"Punjab Cricket Association IS Bindra Stadium, Mohali",0,0.0,0.0,4,9.9,High
Yash Thakur,fast_bowler,"Rajiv Gandhi International Stadium, Hyderabad",0,0.0,0.0,1,12.5,Medium
Yash Thakur,fast_bowler,"Sawai Mansingh Stadium, Jaipur",0,0.0,0.0,0,14.3,Low
Yudhvir Singh,fast_bowler,"Arun Jaitley Stadium, Delhi",14,14.0,200.0,3,12.7,High
Yudhvir Singh,fast_bowler,"Bharat Ratna Shri Atal Bihari Vajpayee Ekana Cricket Stadium, Lucknow",7,3.5,88.0,3,8.8,High
Yudhvir Singh,fast_bowler,"Eden Gardens, Kolkata",0,0.0,0.0,1,13.0,Medium
Yudhvir Singh,fast_bowler,"Maharaja Yadavindra Singh International Cricket Stadium, Mullanpur, Chandigarh",0,0.0,0.0,0,9.0,Low
Yudhvir Singh,fast_bowler,"Rajiv Gandhi International Stadium, Hyderabad",0,0.0,0.0,1,8.7,Medium
Yudhvir Singh,fast_bowler,"Sawai Mansingh Stadium, Jaipur",1,1.0,100.0,0,13.0,Low
Zampa,spinner,"Himachal Pradesh Cricket Association Stadium, Dharamsala",0,0.0,0.0,1,6.5,Medium
Zampa,spinner,"MA Chidambaram Stadium, Chennai",1,1.0,100.0,1,10.8,Medium
Zampa,spinner,"Narendra Modi Stadium, Ahmedabad",0,0.0,0.0,1,8.0,Medium
Zampa,spinner,"Rajiv Gandhi International Stadium, Hyderabad",0,0.0,0.0,2,11.8,Medium
Zampa,spinner,"Sawai Mansingh Stadium, Jaipur",9,4.5,60.0,5,8.8,High
Zeeshan Ansari,spinner,"Bharat Ratna Shri Atal Bihari Vajpayee Ekana Cricket Stadium, Lucknow",0,0.0,0.0,0,11.0,Low
Zeeshan Ansari,spinner,"Dr. Y.S. Rajasekhara Reddy ACA-VDCA Cricket Stadium, Visakhapatnam",0,0.0,0.0,3,10.5,High
Zeeshan Ansari,spinner,"Eden Gardens, Kolkata",0,0.0,0.0,1,8.3,Medium
Zeeshan Ansari,spinner,"MA Chidambaram Stadium, Chennai",0,0.0,0.0,0,9.3,Low
Zeeshan Ansari,spinner,"Narendra Modi Stadium, Ahmedabad",0,0.0,0.0,1,10.5,Medium
Zeeshan Ansari,spinner,"Rajiv Gandhi International Stadium, Hyderabad",0,0.0,0.0,1,9.5,Medium
Zeeshan Ansari,spinner,"Wankhede Stadium, Mumbai",0,0.0,0.0,0,11.1,Low
